"","alpha","beta","gamma","delta","lambda","luce"
"",0,0,0,0,0,0
"alpha",0.0100491832885015,0.00205858799474566,0.000447720690413706,0.00029285464724106,0.0267130193521682,-0.0154729425778349
"beta",0.00205858799474566,0.00566971143999855,0.000917154279089454,0.000548311537079047,-0.0300398584339666,-0.00274199165055897
"gamma",0.000447720690413706,0.000917154279089454,0.013568424498369,5.36652566514128e-05,-0.00763639339626614,0.00176143119471501
"delta",0.00029285464724106,0.000548311537079047,5.36652566514128e-05,0.00114273809963019,0.00261428995943324,0.000443435693558691
"lambda",0.0267130193521682,-0.0300398584339666,-0.00763639339626614,0.00261428995943324,1.14546139018737,-0.103680300348321
"luce",-0.0154729425778349,-0.00274199165055897,0.00176143119471501,0.000443435693558691,-0.103680300348321,0.074820294372113
"alpha",0.0073531449254254,0.00104278203434665,-0.00130457909196897,0.00046186146528124,0.0383674427322247,-0.013680434933085
"beta",0.00104278203434665,0.00579339436409472,0.00105651623315888,0.000215970596423627,-0.0464660852642387,-0.00405491450359857
"gamma",-0.00130457909196897,0.00105651623315888,0.024725593820333,-0.000631891018634997,-0.0110761136606096,-0.000696776756183616
"delta",0.00046186146528124,0.000215970596423627,-0.000631891018634997,0.00406525566382314,-0.00191421404319635,-0.000321423916708873
"lambda",0.0383674427322247,-0.0464660852642387,-0.0110761136606096,-0.00191421404319635,1.12212577195592,-0.128045000849543
"luce",-0.013680434933085,-0.00405491450359857,-0.000696776756183616,-0.000321423916708873,-0.128045000849543,0.0664239876581389
"alpha",0.0590270015384155,-3.8224691300472e-05,-0.0230366844458339,-1.1555631025085e-06,0.0113642642271269,-0.00721207631676388
"beta",-3.8224691300472e-05,0.00211148260902908,0.000302398969711587,0.000645144869474714,-0.00497507719341358,-0.001294102709543
"gamma",-0.0230366844458339,0.000302398969711587,0.0325169506906525,-0.000723868848994905,-0.00304800197160724,-0.000213695730313169
"delta",-1.1555631025085e-06,0.000645144869474714,-0.000723868848994905,0.0019301242102453,2.29473159622683e-05,0.000803159227682083
"lambda",0.0113642642271269,-0.00497507719341358,-0.00304800197160724,2.29473159622683e-05,0.885711840254436,-0.02056287508091
"luce",-0.00721207631676388,-0.001294102709543,-0.000213695730313169,0.000803159227682083,-0.02056287508091,0.0656222578914491
"alpha",0.0161873672549602,-0.000865855440952122,0.0047824916698366,0.00146896985834594,-0.000685849518480807,-0.0112715383683868
"beta",-0.000865855440952122,0.0788513417523193,0.000733803255238319,-0.0182026891477267,-0.00361551678715146,0.00435663409668565
"gamma",0.0047824916698366,0.000733803255238319,0.0626327303332248,-0.000892837769757979,0.0109070080545616,-0.000700931975124573
"delta",0.00146896985834594,-0.0182026891477267,-0.000892837769757979,0.0239264140970504,-0.0312768561920424,-0.00658441742159397
"lambda",-0.000685849518480807,-0.00361551678715146,0.0109070080545616,-0.0312768561920424,1.34886593397049,-0.00640995075803584
"luce",-0.0112715383683868,0.00435663409668565,-0.000700931975124573,-0.00658441742159397,-0.00640995075803584,0.0767359656883011
"alpha",0.00817038732565472,0.00146276983742216,-0.0022288663499122,0.000601056438322402,0.0194493944745964,-0.0102421497619781
"beta",0.00146276983742216,0.0044508415623019,0.00316401890335529,-0.000124300777786863,-0.038794558760923,-0.00450243858245498
"gamma",-0.0022288663499122,0.00316401890335529,0.0314335844126944,-0.000644947843317127,-0.0290999017900194,-0.00355062143811325
"delta",0.000601056438322402,-0.000124300777786863,-0.000644947843317127,0.00401033997478236,0.00516096025335737,0.000164212762484703
"lambda",0.0194493944745964,-0.038794558760923,-0.0290999017900194,0.00516096025335737,1.04705441554621,-0.0950611666924747
"luce",-0.0102421497619781,-0.00450243858245498,-0.00355062143811325,0.000164212762484703,-0.0950611666924747,0.068938002563736
"alpha",0.0112754388400144,-0.000149552978755849,-0.00143945189336764,0.00316239574408404,-0.00193174185491645,-0.0154938424791209
"beta",-0.000149552978755849,0.0614686540387465,0.00537603349576919,-0.0196997025632424,0.000801437792435413,0.00478377714759824
"gamma",-0.00143945189336764,0.00537603349576919,0.0361140770243252,-0.00147870816134736,-0.00390329172100585,-0.00329297589608251
"delta",0.00316239574408404,-0.0196997025632424,-0.00147870816134736,0.0278585153775199,-0.0573562544019297,-0.0132923678743404
"lambda",-0.00193174185491645,0.000801437792435413,-0.00390329172100585,-0.0573562544019297,1.28595395539811,0.00490664538291105
"luce",-0.0154938424791209,0.00478377714759824,-0.00329297589608251,-0.0132923678743404,0.00490664538291105,0.0776906171914059
"alpha",0.0149305631974954,0.000434220241888835,0.00266081830549902,0.00451701443085828,0.0158594726740653,-0.013966007850657
"beta",0.000434220241888835,0.0225431324782564,0.00104522282641771,-0.0211538932249417,-0.0362778108876236,0.00243366028801604
"gamma",0.00266081830549902,0.00104522282641771,0.0147631318084515,-0.00244713474162669,-0.00914871168601029,0.00196790609178727
"delta",0.00451701443085828,-0.0211538932249417,-0.00244713474162669,0.0725739477320259,0.0281299991419014,-0.0170525542833918
"lambda",0.0158594726740653,-0.0362778108876236,-0.00914871168601029,0.0281299991419014,1.32511627713371,-0.0933661909093513
"luce",-0.013966007850657,0.00243366028801604,0.00196790609178727,-0.0170525542833918,-0.0933661909093513,0.0794209859648411
"alpha",0.0435177527664053,-0.00295424229945233,-0.023918012017396,0.00684319847547168,0.0147701592992172,-0.00781363995093513
"beta",-0.00295424229945233,0.0533150595176173,0.00398625379037537,-0.0262261071633305,-0.0232916370267025,-0.000587901998079875
"gamma",-0.023918012017396,0.00398625379037537,0.0428989687002852,-0.00435923204673897,-0.00974447121396205,-0.00192705135907956
"delta",0.00684319847547168,-0.0262261071633305,-0.00435923204673897,0.0465867031656774,-0.0417736272311482,-0.0121178274293802
"lambda",0.0147701592992172,-0.0232916370267025,-0.00974447121396205,-0.0417736272311482,1.23602250712218,-0.00998643419349391
"luce",-0.00781363995093513,-0.000587901998079875,-0.00192705135907956,-0.0121178274293802,-0.00998643419349391,0.0815096650799901
"alpha",0.0415705912877825,-0.00432873533918121,-0.0219138410506951,0.0101757992474268,0.0166826537002433,-0.0100413258973354
"beta",-0.00432873533918121,0.0390212681699417,0.00573948072934874,-0.0267502621378946,-0.0268602409741309,-0.00170400252417091
"gamma",-0.0219138410506951,0.00573948072934874,0.075414868275765,-0.00915511246512913,-0.0158334498567715,-0.00431609398621298
"delta",0.0101757992474268,-0.0267502621378946,-0.00915511246512913,0.0900090367321621,-0.0538688862101809,-0.0142213127155696
"lambda",0.0166826537002433,-0.0268602409741309,-0.0158334498567715,-0.0538688862101809,1.1738049273652,-0.0496099242761843
"luce",-0.0100413258973354,-0.00170400252417091,-0.00431609398621298,-0.0142213127155696,-0.0496099242761843,0.071071529640755
"alpha",0.0721738820553449,0.00513113846564691,-0.028964040265755,-0.000898489930541944,0.00315984165077896,0.00136737296914249
"beta",0.00513113846564691,0.0742516640878724,-0.00345590968433396,-0.0134106578100876,0.0233230797561088,0.00293509464370743
"gamma",-0.028964040265755,-0.00345590968433396,0.0488842659543304,0.00175838691229097,-0.00258236582546705,-0.00928756908282678
"delta",-0.000898489930541944,-0.0134106578100876,0.00175838691229097,0.0136473287052762,-0.0323462784050125,-0.00540736964030296
"lambda",0.00315984165077896,0.0233230797561088,-0.00258236582546705,-0.0323462784050125,1.33588144325294,-0.00307073860030299
"luce",0.00136737296914249,0.00293509464370743,-0.00928756908282678,-0.00540736964030296,-0.00307073860030299,0.0815823693010382
"alpha",0.00438022208758589,-0.00124175956562643,-0.0012261868667163,0.00322848850821528,0.00319922805603382,-0.00844007720358205
"beta",-0.00124175956562643,0.0658022196945494,0.00140282723692793,-0.0284707194749719,0.00681709430827795,-0.00421710221884658
"gamma",-0.0012261868667163,0.00140282723692793,0.00755068134264446,-0.00186673569465149,-0.00514523857067207,-0.00145365218696281
"delta",0.00322848850821528,-0.0284707194749719,-0.00186673569465149,0.0491694071030105,-0.04447649955475,-0.00611622116197349
"lambda",0.00319922805603382,0.00681709430827795,-0.00514523857067207,-0.04447649955475,1.30903835934887,0.00335957753219119
"luce",-0.00844007720358205,-0.00421710221884658,-0.00145365218696281,-0.00611622116197349,0.00335957753219119,0.065868306584377
"alpha",0.0775861001595876,-0.0019343272660113,-0.0300808501074742,0.000560322005627131,-0.0128632419682924,0.00625546056061487
"beta",-0.0019343272660113,0.0172272629430558,0.00358251669776838,-0.00549316633979689,-0.0385647651260132,-0.00727567120044251
"gamma",-0.0300808501074742,0.00358251669776838,0.0463162299919575,-0.000350041355257203,0.00163719431596899,-0.00996005627566088
"delta",0.000560322005627131,-0.00549316633979689,-0.000350041355257203,0.00479386151092886,-0.0184308348320294,-0.0035078142305799
"lambda",-0.0128632419682924,-0.0385647651260132,0.00163719431596899,-0.0184308348320294,1.13173047069887,-0.0351383776162274
"luce",0.00625546056061487,-0.00727567120044251,-0.00996005627566088,-0.0035078142305799,-0.0351383776162274,0.0792680085768198
"alpha",0.00281271239776137,-1.13258854274058e-05,-0.00170230703295316,0.000530602912253054,0.0258848444084769,-0.00482813363734316
"beta",-1.13258854274058e-05,0.00381774323200091,0.0018001011425472,-0.000476776727095148,-0.0420533466056394,-0.00145258167316549
"gamma",-0.00170230703295316,0.0018001011425472,0.00557621455631313,-0.00080742116131461,-0.0192098168614127,-0.000929153873700871
"delta",0.000530602912253054,-0.000476776727095148,-0.00080742116131461,0.00529281122285243,-0.0059939389438331,-0.00187343189974158
"lambda",0.0258848444084769,-0.0420533466056394,-0.0192098168614127,-0.0059939389438331,0.992291548599257,-0.0485822264042735
"luce",-0.00482813363734316,-0.00145258167316549,-0.000929153873700871,-0.00187343189974158,-0.0485822264042735,0.0433073241945082
"alpha",0.00254429346913263,0.000356992354135384,-9.54103030714118e-05,0.00122597132266369,-0.000763303698293741,-0.0074892535881871
"beta",0.000356992354135384,0.060227621391973,0.000130429073503712,-0.0203803624341431,-0.0312968344106421,-0.0010128423442954
"gamma",-9.54103030714118e-05,0.000130429073503712,0.00367453053743244,0.000565251724948194,-0.00421797605318338,0.00194025716660488
"delta",0.00122597132266369,-0.0203803624341431,0.000565251724948194,0.0268655542417762,-0.039465736198836,-0.0061703211972493
"lambda",-0.000763303698293741,-0.0312968344106421,-0.00421797605318338,-0.039465736198836,1.29406744852182,-0.00409632395547515
"luce",-0.0074892535881871,-0.0010128423442954,0.00194025716660488,-0.0061703211972493,-0.00409632395547515,0.0684592589267407
"alpha",0.0538908382351282,-0.00019921332161233,-0.0306213519401903,0.00078733849737328,0.0200082036070115,-0.00296393983633888
"beta",-0.00019921332161233,0.00851337635424224,0.00175756739813696,0.00317406600532823,-0.0432358294503245,-0.00645088260527194
"gamma",-0.0306213519401903,0.00175756739813696,0.0786220487402195,-0.00138581744559251,-0.0108213005368503,-0.00632368162366062
"delta",0.00078733849737328,0.00317406600532823,-0.00138581744559251,0.00758662322417005,-0.0168189192807732,-0.0029394244831104
"lambda",0.0200082036070115,-0.0432358294503245,-0.0108213005368503,-0.0168189192807732,1.12397686158376,-0.117122280811451
"luce",-0.00296393983633888,-0.00645088260527194,-0.00632368162366062,-0.0029394244831104,-0.117122280811451,0.0716496123806571
"alpha",0.00928556878595166,0.00153130830192719,-0.00694953157253022,0.00988577677019458,0.0122480047546928,-0.0169429322998076
"beta",0.00153130830192719,0.0241369430970243,0.00108284226300021,-0.0143499078822987,-0.0259257130258281,-0.00418561115627244
"gamma",-0.00694953157253022,0.00108284226300021,0.0167611698603173,-0.00831772024524846,-0.00300695631083795,0.00725368034655424
"delta",0.00988577677019458,-0.0143499078822987,-0.00831772024524846,0.0690084053464941,-0.0510841595493799,-0.0129758189362177
"lambda",0.0122480047546928,-0.0259257130258281,-0.00300695631083795,-0.0510841595493799,0.954069688791246,-0.0730688865929011
"luce",-0.0169429322998076,-0.00418561115627244,0.00725368034655424,-0.0129758189362177,-0.0730688865929011,0.0801065883974218
"alpha",0.00515789075741414,-0.000265347516069822,-0.00275303231766574,0.00122657511404041,0.0437702478781858,-0.0115014453058823
"beta",-0.000265347516069822,0.00571853267542895,0.00242729971853185,0.00122102712365443,-0.0505528523657551,-0.00277490471092775
"gamma",-0.00275303231766574,0.00242729971853185,0.0128570713561132,-0.00108454293571388,-0.0174454963854608,0.000339836064967337
"delta",0.00122657511404041,0.00122102712365443,-0.00108454293571388,0.0069107080595413,-0.0107127648839431,-0.00242024012739568
"lambda",0.0437702478781858,-0.0505528523657551,-0.0174454963854608,-0.0107127648839431,1.16697592118468,-0.118671401079504
"luce",-0.0115014453058823,-0.00277490471092775,0.000339836064967337,-0.00242024012739568,-0.118671401079504,0.0695376909758189
"alpha",0.0460851574219482,-0.000443962343766032,-0.0219046129545555,-0.000556177744958509,-0.00311465653972008,-0.00385735333153734
"beta",-0.000443962343766032,0.00172678143481957,0.00121851191548658,0.000740823809781784,0.00220601188576196,0.00126643932708056
"gamma",-0.0219046129545555,0.00121851191548658,0.0703191481348267,0.000600019761908739,0.0145834594236015,-0.0062253873347082
"delta",-0.000556177744958509,0.000740823809781784,0.000600019761908739,0.00371788133656765,0.0193894491835783,0.00357597937389785
"lambda",-0.00311465653972008,0.00220601188576196,0.0145834594236015,0.0193894491835783,1.22184479623496,-0.0617372051502986
"luce",-0.00385735333153734,0.00126643932708056,-0.0062253873347082,0.00357597937389785,-0.0617372051502986,0.0807132733355829
"alpha",0.0461192937104082,-0.00072806634664757,-0.0176351814235763,0.00123972647222815,0.0246948438577614,-0.00741067393689118
"beta",-0.00072806634664757,0.0057022553245679,0.00204032415026047,0.000436136007738125,-0.0410238416345878,-0.00476791142050612
"gamma",-0.0176351814235763,0.00204032415026047,0.0296640932292423,-0.000169989177215792,-0.0134252742107876,-0.00263904380471927
"delta",0.00123972647222815,0.000436136007738125,-0.000169989177215792,0.00579847063257509,-0.00938630943272544,-0.00205600049114681
"lambda",0.0246948438577614,-0.0410238416345878,-0.0134252742107876,-0.00938630943272544,1.02553564137253,-0.121709881360777
"luce",-0.00741067393689118,-0.00476791142050612,-0.00263904380471927,-0.00205600049114681,-0.121709881360777,0.0763183359528858
"alpha",0.0703783362660053,0.000888778580346153,-0.0172742207280394,-6.29620630443812e-05,-0.00609530971532546,-0.000188087986764609
"beta",0.000888778580346153,0.0462999907008965,0.00375344972949319,-0.0107912079787403,-0.0548862169850473,-0.0105113431491686
"gamma",-0.0172742207280394,0.00375344972949319,0.028614643700008,-0.00059342764641001,0.00476091155179349,-0.0107051205075823
"delta",-6.29620630443812e-05,-0.0107912079787403,-0.00059342764641001,0.00601106365871488,-0.0136821037117024,-0.00262019068285809
"lambda",-0.00609530971532546,-0.0548862169850473,0.00476091155179349,-0.0136821037117024,1.25806327589246,-0.0188572273080453
"luce",-0.000188087986764609,-0.0105113431491686,-0.0107051205075823,-0.00262019068285809,-0.0188572273080453,0.0858445555226629
"alpha",0.00353801085557599,0.000423215505048703,-0.000684670993339734,0.000102213635010473,0.0222627385419197,-0.00610973526694562
"beta",0.000423215505048703,0.00132670267651278,0.000414360069194941,-0.000215587125107063,-0.00526852100798053,0.00126616280524056
"gamma",-0.000684670993339734,0.000414360069194941,0.00608537807865284,-0.000234617160713571,0.000384059662805153,0.000554433105549373
"delta",0.000102213635010473,-0.000215587125107063,-0.000234617160713571,0.000911088520455803,-0.00291721459549592,-0.000819764876086621
"lambda",0.0222627385419197,-0.00526852100798053,0.000384059662805153,-0.00291721459549592,0.355864083494637,-0.0782746461077106
"luce",-0.00610973526694562,0.00126616280524056,0.000554433105549373,-0.000819764876086621,-0.0782746461077106,0.0671176500273274
"alpha",0.00140914600055619,-0.000146836280980145,-0.000453862629860556,0.00104480700750522,0.00365100507797809,-0.00240524850063604
"beta",-0.000146836280980145,0.0227268955506822,0.000710171775927609,-0.015644166733301,-0.0498969435998151,-0.00597766409262487
"gamma",-0.000453862629860556,0.000710171775927609,0.00365769783449463,-0.000412011255609674,-0.00692676669702776,0.00136513916756693
"delta",0.00104480700750522,-0.015644166733301,-0.000412011255609674,0.0507392367520978,0.0139079132993116,0.00628554165147515
"lambda",0.00365100507797809,-0.0498969435998151,-0.00692676669702776,0.0139079132993116,1.2761339139371,0.00718322806633293
"luce",-0.00240524850063604,-0.00597766409262487,0.00136513916756693,0.00628554165147515,0.00718322806633293,0.0622309843065559
"alpha",0.00506885143433611,0.000542177551255135,-0.00359761387771544,0.000615416153201432,0.0130956739177829,-0.00623124003301151
"beta",0.000542177551255135,0.00300756663016778,0.00120780026994956,-0.00086472209141397,-0.0181736443833386,-0.00279842849993229
"gamma",-0.00359761387771544,0.00120780026994956,0.0178529272882878,-0.000914637030689461,-0.0035713406163421,-0.0014671277831114
"delta",0.000615416153201432,-0.00086472209141397,-0.000914637030689461,0.00121953217884416,0.00012957720853427,-0.000685990893878042
"lambda",0.0130956739177829,-0.0181736443833386,-0.0035713406163421,0.00012957720853427,0.642401449639882,-0.0314432714991873
"luce",-0.00623124003301151,-0.00279842849993229,-0.0014671277831114,-0.000685990893878042,-0.0314432714991873,0.0497608772088828
"alpha",0.0450844940348824,0.000791612336962262,-0.0162326083505105,0.00163096404927379,-0.0121744896421695,-0.00810603417542512
"beta",0.000791612336962262,0.077974483441601,0.00102347980854628,-0.0137184597946205,0.00820484319686155,-0.000139396879701543
"gamma",-0.0162326083505105,0.00102347980854628,0.0232972012096275,-0.000435877765467638,0.00192323302795759,-0.0052087967259762
"delta",0.00163096404927379,-0.0137184597946205,-0.000435877765467638,0.0120179878811527,-0.0245583195412069,-0.00296757967364535
"lambda",-0.0121744896421695,0.00820484319686155,0.00192323302795759,-0.0245583195412069,1.34273861714811,0.000971570602696237
"luce",-0.00810603417542512,-0.000139396879701543,-0.0052087967259762,-0.00296757967364535,0.000971570602696237,0.0832089478443742
"alpha",0.00644044552963679,0.000282171081211297,-0.0032060473661806,0.000847162049812291,0.0102224257907916,-0.0103816947454258
"beta",0.000282171081211297,0.00682157543860417,0.000613356910329025,-0.00164019171448424,-0.0245085173741229,-0.000855950765506503
"gamma",-0.0032060473661806,0.000613356910329025,0.00474009474124918,0.000175171401940414,-0.00247126943473191,-0.00109059739990138
"delta",0.000847162049812291,-0.00164019171448424,0.000175171401940414,0.0016976106341221,-0.0156103864797719,-0.00368438841063843
"lambda",0.0102224257907916,-0.0245085173741229,-0.00247126943473191,-0.0156103864797719,1.10090946987834,-0.0367274155152603
"luce",-0.0103816947454258,-0.000855950765506503,-0.00109059739990138,-0.00368438841063843,-0.0367274155152603,0.0696777214233657
"alpha",0.0729537200086622,-0.00431047225778141,-0.0379062045059289,0.000945216012715414,-0.00716722942355383,0.00248590934029955
"beta",-0.00431047225778141,0.0791957516282051,0.00469446435871963,-0.0196330838447268,0.0119804206838995,0.00572586323935625
"gamma",-0.0379062045059289,0.00469446435871963,0.0721958800043937,-0.000826585408508339,0.00502608433075953,-0.0117402278574789
"delta",0.000945216012715414,-0.0196330838447268,-0.000826585408508339,0.0223407911127927,-0.0528977788454631,-0.0105195269002796
"lambda",-0.00716722942355383,0.0119804206838995,0.00502608433075953,-0.0528977788454631,1.35469559498647,-0.00155289894638345
"luce",0.00248590934029955,0.00572586323935625,-0.0117402278574789,-0.0105195269002796,-0.00155289894638345,0.0833813035640872
"alpha",0.0723471542173478,0.000275527539887235,-0.0347481803836003,0.000538061525008272,9.19748596936737e-05,-0.00244896896394676
"beta",0.000275527539887235,0.00301647921875786,0.000765262762296577,-0.000152594383350025,-0.0100098441326411,-0.00213211354054925
"gamma",-0.0347481803836003,0.000765262762296577,0.0711730229386693,-0.000224803873000455,-0.0038039010622527,-0.0069071147618845
"delta",0.000538061525008272,-0.000152594383350025,-0.000224803873000455,0.0019842911904526,-0.00365560300218533,-0.00044523326878746
"lambda",9.19748596936737e-05,-0.0100098441326411,-0.0038039010622527,-0.00365560300218533,0.883983494348491,-0.0482047429862275
"luce",-0.00244896896394676,-0.00213211354054925,-0.0069071147618845,-0.00044523326878746,-0.0482047429862275,0.0726439789716954
"alpha",0.0476373706102458,-0.00237555550546121,-0.0142906013226207,0.00169355279914997,0.00244565673233332,-0.00689727211302677
"beta",-0.00237555550546121,0.0807155803636244,0.00133223257674669,-0.0138910633703632,0.0143375016542493,0.00639135900500596
"gamma",-0.0142906013226207,0.00133223257674669,0.0140606611224675,-0.000363176926300036,0.00230693810881718,-0.00351868966918161
"delta",0.00169355279914997,-0.0138910633703632,-0.000363176926300036,0.0152858452324228,-0.0362761357980532,-0.00667961364962237
"lambda",0.00244565673233332,0.0143375016542493,0.00230693810881718,-0.0362761357980532,1.33081617835137,0.00447600565702105
"luce",-0.00689727211302677,0.00639135900500596,-0.00351868966918161,-0.00667961364962237,0.00447600565702105,0.0878659940552047
"alpha",0.0731646971373147,-0.00340604643052096,-0.0274058545723157,0.00151071826222917,0.00886982850753464,-0.00207259602119742
"beta",-0.00340604643052096,0.0630383941019708,0.00380066004165946,-0.0131963771377567,-0.0494105881608982,-0.00693760379569935
"gamma",-0.0274058545723157,0.00380066004165946,0.0426173145968923,-0.00122974498654233,0.000906295726788241,-0.00768615178208393
"delta",0.00151071826222917,-0.0131963771377567,-0.00122974498654233,0.00813631112974023,-0.014815735918028,-0.00263569578795808
"lambda",0.00886982850753464,-0.0494105881608982,0.000906295726788241,-0.014815735918028,1.30082334486175,-0.0175570705753862
"luce",-0.00207259602119742,-0.00693760379569935,-0.00768615178208393,-0.00263569578795808,-0.0175570705753862,0.0796712238981023
"alpha",0.0519692041520777,0.000115116687504099,-0.0296903171171645,0.000165418491054069,0.0093230215528918,-0.00449561532853832
"beta",0.000115116687504099,0.00227329381908213,0.00122761677837986,-0.00021708774693874,-0.00267815207637499,-0.000871108094488532
"gamma",-0.0296903171171645,0.00122761677837986,0.0675760786418395,-0.0001445649506429,-0.000357420285926468,-0.00233883907285856
"delta",0.000165418491054069,-0.00021708774693874,-0.0001445649506429,0.000281182275512358,-0.00124955595152656,-0.000210085807322119
"lambda",0.0093230215528918,-0.00267815207637499,-0.000357420285926468,-0.00124955595152656,0.861397932840237,-0.0925252372709697
"luce",-0.00449561532853832,-0.000871108094488532,-0.00233883907285856,-0.000210085807322119,-0.0925252372709697,0.0699897069340696
"alpha",0.0617275156648541,0.000563021953445074,-0.0374509552573991,5.20951565976307e-05,0.0112953644113383,0.000138428122009104
"beta",0.000563021953445074,0.00829678910251544,0.000336133780532624,0.000805792402572255,-0.0475987925893961,-0.00664557759703857
"gamma",-0.0374509552573991,0.000336133780532624,0.0743922118611316,-0.000988701769898882,-0.00343804913338463,-0.0092294360984999
"delta",5.20951565976307e-05,0.000805792402572255,-0.000988701769898882,0.0144965424124075,-0.00961372364806821,-0.00144097814253984
"lambda",0.0112953644113383,-0.0475987925893961,-0.00343804913338463,-0.00961372364806821,1.10253136904741,-0.0929630558980186
"luce",0.000138428122009104,-0.00664557759703857,-0.0092294360984999,-0.00144097814253984,-0.0929630558980186,0.0735580147696004
"alpha",0.030311876885565,-0.000933191838539219,-0.0191702667632337,0.0004504692005016,0.0358901512007975,-0.0115098194785645
"beta",-0.000933191838539219,0.00569455109824781,0.00326389664852695,-0.00155709647115714,-0.0365722347302859,-0.00452390987703888
"gamma",-0.0191702667632337,0.00326389664852695,0.0374654125122107,-0.000587859328123083,-0.00565566657313632,-0.00171579006953647
"delta",0.0004504692005016,-0.00155709647115714,-0.000587859328123083,0.00200636006640747,0.00421929666820284,-5.14335499599382e-05
"lambda",0.0358901512007975,-0.0365722347302859,-0.00565566657313632,0.00421929666820284,1.05254269869179,-0.113588484452626
"luce",-0.0115098194785645,-0.00452390987703888,-0.00171579006953647,-5.14335499599382e-05,-0.113588484452626,0.0715774218118001
"alpha",0.0553593034049226,3.73219263454801e-05,-0.0294846189337538,0.00052757394437427,-0.0012386584686873,-0.00360673261842119
"beta",3.73219263454801e-05,0.00291108995600346,0.000957000153228999,0.000618101006689676,-0.0157415256929778,-0.0027783331144653
"gamma",-0.0294846189337538,0.000957000153228999,0.0561055136175986,-0.000695292785975084,-0.00469261073061293,-0.00371444552375975
"delta",0.00052757394437427,0.000618101006689676,-0.000695292785975084,0.00309207596182999,0.000470153486974811,-0.00014535966051014
"lambda",-0.0012386584686873,-0.0157415256929778,-0.00469261073061293,0.000470153486974811,0.926308591440277,-0.0439220023231377
"luce",-0.00360673261842119,-0.0027783331144653,-0.00371444552375975,-0.00014535966051014,-0.0439220023231377,0.0680731414082049
"alpha",0.0145877668525276,0.00300780539786541,0.00241219616835411,-4.07656430319285e-05,-0.000221545441195648,-0.0107211230264111
"beta",0.00300780539786541,0.0209022851908486,0.00528329799428589,-0.00646965642774932,-0.0517482008675617,-0.00773827263639464
"gamma",0.00241219616835411,0.00528329799428589,0.0731199361923271,-0.00263045097847151,0.00626735758979833,0.000156955899930777
"delta",-4.07656430319285e-05,-0.00646965642774932,-0.00263045097847151,0.0058026703467352,-0.00826600437760032,-0.00277050261096893
"lambda",-0.000221545441195648,-0.0517482008675617,0.00626735758979833,-0.00826600437760032,1.16651737076269,-0.015855283863569
"luce",-0.0107211230264111,-0.00773827263639464,0.000156955899930777,-0.00277050261096893,-0.015855283863569,0.0754897357908078
"alpha",0.0717486540124053,-0.000585254340761465,-0.0347467986476553,5.51135100421057e-05,0.00543979990592661,0.00203843664573135
"beta",-0.000585254340761465,0.00356356086934632,0.00102303770941156,0.000272819286552189,-0.0141276761984893,-0.0010056326842839
"gamma",-0.0347467986476553,0.00102303770941156,0.0681595123117573,-0.000462128387770737,0.0069166713551913,-0.00715368227581668
"delta",5.51135100421057e-05,0.000272819286552189,-0.000462128387770737,0.00346878465998455,-0.00261941703399935,-0.000168920531283122
"lambda",0.00543979990592661,-0.0141276761984893,0.0069166713551913,-0.00261941703399935,0.684025151099845,-0.0957249926826798
"luce",0.00203843664573135,-0.0010056326842839,-0.00715368227581668,-0.000168920531283122,-0.0957249926826798,0.0590083484195432
"alpha",0.0186127389851954,0.000770955345406438,-0.00529648778123899,0.00937138067306846,0.00854376687022601,-0.014599472466689
"beta",0.000770955345406438,0.0320190657744872,0.00339990739661344,-0.0196614369049925,-0.0568595782003418,-0.00345584874725109
"gamma",-0.00529648778123899,0.00339990739661344,0.0460148959748477,-0.0052971690733831,-0.0147755007896336,-0.0038447471185819
"delta",0.00937138067306846,-0.0196614369049925,-0.0052971690733831,0.0620149571312093,-0.0193049555092412,-0.01418807768577
"lambda",0.00854376687022601,-0.0568595782003418,-0.0147755007896336,-0.0193049555092412,1.28579333549847,-0.0508197907478864
"luce",-0.014599472466689,-0.00345584874725109,-0.0038447471185819,-0.01418807768577,-0.0508197907478864,0.0808858716081845
"alpha",0.0103125331844454,-0.00277928494253053,-0.00262783127223849,0.00403124366013205,0.000262249529253423,-0.0145393918209116
"beta",-0.00277928494253053,0.0737867872729281,0.00547242094698647,-0.0365591871894635,0.049727018557994,0.00633917181862971
"gamma",-0.00262783127223849,0.00547242094698647,0.0294981548436246,-0.00684135902906632,0.00150989501363923,0.00204605181641722
"delta",0.00403124366013205,-0.0365591871894635,-0.00684135902906632,0.0670108844068384,-0.0712854038814239,-0.0153890898908371
"lambda",0.000262249529253423,0.049727018557994,0.00150989501363923,-0.0712854038814239,1.3373832961287,-0.0120514808060493
"luce",-0.0145393918209116,0.00633917181862971,0.00204605181641722,-0.0153890898908371,-0.0120514808060493,0.0791407349026599
"alpha",0.00269803726592964,0.00041768312510938,-0.00113910448361956,0.000505692304782879,0.0127112562310759,-0.000866999494618855
"beta",0.00041768312510938,0.00332905324390834,0.000125081758626148,-0.000254927165089533,-0.0357975629948544,-0.000174335881565302
"gamma",-0.00113910448361956,0.000125081758626148,0.00186490512024308,-0.000318690439638496,-0.00458636693976433,-0.00112305210634109
"delta",0.000505692304782879,-0.000254927165089533,-0.000318690439638496,0.00326409864647117,-0.0110989329626752,0.000191660349744302
"lambda",0.0127112562310759,-0.0357975629948544,-0.00458636693976433,-0.0110989329626752,1.00178761079352,-0.0165596426202108
"luce",-0.000866999494618855,-0.000174335881565302,-0.00112305210634109,0.000191660349744302,-0.0165596426202108,0.0401166255845701
"alpha",0.00480340502808594,-0.00173687025817593,-0.000984977933201801,0.0036773405584339,0.00135075146645788,-0.0124720171739861
"beta",-0.00173687025817593,0.0809740783198527,-0.000446227953609842,-0.0345046116355564,0.0195611510477491,0.00734287751946192
"gamma",-0.000984977933201801,-0.000446227953609842,0.00631506083798696,-8.69240661970628e-05,-0.00139574325364431,4.87737173143653e-05
"delta",0.0036773405584339,-0.0345046116355564,-8.69240661970628e-05,0.0638267508314792,-0.0540721050367053,-0.0130252551107663
"lambda",0.00135075146645788,0.0195611510477491,-0.00139574325364431,-0.0540721050367053,1.38450997962502,-0.00620129454765735
"luce",-0.0124720171739861,0.00734287751946192,4.87737173143653e-05,-0.0130252551107663,-0.00620129454765735,0.0695896231016065
"alpha",0.0113673555975772,0.000869655062472889,-0.000457776628093286,0.000183660895661023,0.00619059749944818,-0.00698100495605164
"beta",0.000869655062472889,0.004360908610705,0.000433984717197417,0.00192490263116897,-0.0325115322438001,-0.00536338979913072
"gamma",-0.000457776628093286,0.000433984717197417,0.0626934108883014,-0.00113386558767146,-0.00173817179210271,0.00470624840675899
"delta",0.000183660895661023,0.00192490263116897,-0.00113386558767146,0.0032501167185519,-0.0116387217285092,-0.00267058183403863
"lambda",0.00619059749944818,-0.0325115322438001,-0.00173817179210271,-0.0116387217285092,1.00432231169876,-0.0551288022637384
"luce",-0.00698100495605164,-0.00536338979913072,0.00470624840675899,-0.00267058183403863,-0.0551288022637384,0.0710342666592338
"alpha",0.011566823870394,0.000303159220974116,0.0039516062298439,-0.000296385367604007,-0.00193431018709508,-0.00731733561456709
"beta",0.000303159220974116,0.0030066518527364,0.00106620680546302,0.000823219242298179,0.000118516924016706,0.000854306034614021
"gamma",0.0039516062298439,0.00106620680546302,0.0626646885595027,0.000478230816928043,0.00119120650511663,0.00910102367867114
"delta",-0.000296385367604007,0.000823219242298179,0.000478230816928043,0.00425971759418585,0.00594922396093274,0.00266613942240765
"lambda",-0.00193431018709508,0.000118516924016706,0.00119120650511663,0.00594922396093274,0.919968021911838,-0.0304405946596454
"luce",-0.00731733561456709,0.000854306034614021,0.00910102367867114,0.00266613942240765,-0.0304405946596454,0.076001044346331
"alpha",0.0494470244607978,0.00108064121422328,-0.0295087014945881,0.00130520487576925,-0.00502043857440537,-0.00231624534177469
"beta",0.00108064121422328,0.0077225780812626,0.000464939153636977,-0.00322254694304201,-0.0423816385197931,-0.00784230733169451
"gamma",-0.0295087014945881,0.000464939153636977,0.0520684572763859,-0.00147078941062837,-0.00768370282694477,-0.00489811658724094
"delta",0.00130520487576925,-0.00322254694304201,-0.00147078941062837,0.0233349881539786,0.00462463626785139,-0.000334927467433807
"lambda",-0.00502043857440537,-0.0423816385197931,-0.00768370282694477,0.00462463626785139,1.08047116558719,-0.0198342767523669
"luce",-0.00231624534177469,-0.00784230733169451,-0.00489811658724094,-0.000334927467433807,-0.0198342767523669,0.0682594714612717
"alpha",0.0214514559249594,0.00604267607584992,0.00342475649199563,0.00270433216746494,-0.00446257459397585,-0.00925207600502832
"beta",0.00604267607584992,0.0242776544511018,0.00188715416415448,0.0060787706920927,-0.0452361953915979,-0.00800370025211496
"gamma",0.00342475649199563,0.00188715416415448,0.0402300361570875,-0.000702640067740587,-0.0103156487880285,-0.0020133081617847
"delta",0.00270433216746494,0.0060787706920927,-0.000702640067740587,0.0216339746778196,-0.00170307907188942,-0.00185572631895192
"lambda",-0.00446257459397585,-0.0452361953915979,-0.0103156487880285,-0.00170307907188942,0.445671840290227,-0.020017801734178
"luce",-0.00925207600502832,-0.00800370025211496,-0.0020133081617847,-0.00185572631895192,-0.020017801734178,0.031329893627509
"alpha",0.00417059688268027,0.0025143112954842,-0.000264219125306706,0.00353668947290365,0.0135710918771419,-0.0111112876136533
"beta",0.0025143112954842,0.0110230675329483,7.00111146009603e-05,0.000390450744887179,-0.0651220125751884,-0.00782133309475945
"gamma",-0.000264219125306706,7.00111146009603e-05,0.012009881512727,-0.000391290350329264,-0.00151644818090498,0.000190608341030244
"delta",0.00353668947290365,0.000390450744887179,-0.000391290350329264,0.0252557260585886,-0.0110305451383347,-0.0058101197077827
"lambda",0.0135710918771419,-0.0651220125751884,-0.00151644818090498,-0.0110305451383347,1.16349820697711,-0.050347333413051
"luce",-0.0111112876136533,-0.00782133309475945,0.000190608341030244,-0.0058101197077827,-0.050347333413051,0.0679872014912208
"alpha",0.0687230199419217,-0.000113209561625252,-0.0281329217585274,0.000717987872742253,-0.0218996755758095,-0.00684534994677539
"beta",-0.000113209561625252,0.0168860564587639,0.0017007660216142,-0.00338284143685083,-0.0181568972917884,-0.00172829083072868
"gamma",-0.0281329217585274,0.0017007660216142,0.0421468267291753,-0.000526346669700281,0.0175674240260204,-0.00273144667390482
"delta",0.000717987872742253,-0.00338284143685083,-0.000526346669700281,0.00176149630503358,-0.020387785851396,-0.00338206940164838
"lambda",-0.0218996755758095,-0.0181568972917884,0.0175674240260204,-0.020387785851396,1.32100296952006,-0.026709456100648
"luce",-0.00684534994677539,-0.00172829083072868,-0.00273144667390482,-0.00338206940164838,-0.026709456100648,0.0810925467642742
"alpha",0.0118790046873081,0.00216384780368223,-0.000855302080601907,0.000528743632195698,-0.000595002495372569,-0.00708465289072916
"beta",0.00216384780368223,0.00400890445450851,0.00191322304805227,-0.000165854903693048,-0.0254850485228599,-0.00491679347124765
"gamma",-0.000855302080601907,0.00191322304805227,0.0434821184412674,-0.00178107089291722,-0.0148715795090939,-0.000411140197213844
"delta",0.000528743632195698,-0.000165854903693048,-0.00178107089291722,0.0118132648082712,-0.00601058119589916,-0.00175275203860534
"lambda",-0.000595002495372569,-0.0254850485228599,-0.0148715795090939,-0.00601058119589916,0.688818876559437,-0.0172885312168944
"luce",-0.00708465289072916,-0.00491679347124765,-0.000411140197213844,-0.00175275203860534,-0.0172885312168944,0.0453055603086772
"alpha",0.00297622200197663,-0.00032376175132834,-0.00123675143352645,0.000962037866120259,0.011311808045542,-0.00623839935463178
"beta",-0.00032376175132834,0.00777769035928829,0.00218125398695826,-0.0035112818245969,-0.0335864550789616,-0.000504704802811019
"gamma",-0.00123675143352645,0.00218125398695826,0.00968327745023199,-0.000995501598838616,-0.0052238329642965,-4.16744776603865e-05
"delta",0.000962037866120259,-0.0035112818245969,-0.000995501598838616,0.00398210248496116,-0.0180977871225431,-0.00188942629962329
"lambda",0.011311808045542,-0.0335864550789616,-0.0052238329642965,-0.0180977871225431,1.12060680185393,-0.0343774286698253
"luce",-0.00623839935463178,-0.000504704802811019,-4.16744776603865e-05,-0.00188942629962329,-0.0343774286698253,0.0525248968740446
"alpha",0.0458044733571746,0.000761770943862934,-0.0281568404173708,0.000395205016397348,0.0175018761581866,-0.00617358304582842
"beta",0.000761770943862934,0.00647886336734762,0.00111599265715185,-0.00104284722151824,-0.0296968625984439,-0.00738632945065683
"gamma",-0.0281568404173708,0.00111599265715185,0.068176564040486,-0.00344286995118901,-0.0248841697517517,-0.00207221859825287
"delta",0.000395205016397348,-0.00104284722151824,-0.00344286995118901,0.0190434668407383,-0.00495637772442397,-0.00133364551399458
"lambda",0.0175018761581866,-0.0296968625984439,-0.0248841697517517,-0.00495637772442397,0.850498407450063,-0.0163924295543656
"luce",-0.00617358304582842,-0.00738632945065683,-0.00207221859825287,-0.00133364551399458,-0.0163924295543656,0.0613122513539736
"alpha",0.0132985469263946,0.000595130183001639,-0.0061109694709872,0.000329643986252988,0.0144396518727037,-0.00291383697550691
"beta",0.000595130183001639,0.0056651087139956,0.000116062718340815,-0.00136742646417754,-0.0254951504128218,-0.003304641235416
"gamma",-0.0061109694709872,0.000116062718340815,0.00497680610371015,-4.93091443479886e-05,0.000956162552811419,-0.00191375345157957
"delta",0.000329643986252988,-0.00136742646417754,-4.93091443479886e-05,0.000875412424021967,0.00284149871972337,4.71460195936131e-05
"lambda",0.0144396518727037,-0.0254951504128218,0.000956162552811419,0.00284149871972337,0.799719662779763,-0.0461389031557243
"luce",-0.00291383697550691,-0.003304641235416,-0.00191375345157957,4.71460195936131e-05,-0.0461389031557243,0.0486533900029542
"alpha",0.0156180900322694,0.000498226420441865,-0.000561239421902754,-0.000110579699207578,0.0118557690856,-0.0077504481831735
"beta",0.000498226420441865,0.00670748475096138,0.000257616598487189,-0.000826115065914881,-0.0372564322249084,-0.00494314797611281
"gamma",-0.000561239421902754,0.000257616598487189,0.0604737781100953,-5.73294931371659e-05,-0.0114799884408966,0.00522916297200904
"delta",-0.000110579699207578,-0.000826115065914881,-5.73294931371659e-05,0.00161542182222967,0.00747315189566801,0.00112730800088713
"lambda",0.0118557690856,-0.0372564322249084,-0.0114799884408966,0.00747315189566801,1.14794122980089,-0.0984654678882434
"luce",-0.0077504481831735,-0.00494314797611281,0.00522916297200904,0.00112730800088713,-0.0984654678882434,0.0770506506157036
"alpha",0.0597345053815869,-0.00315466344956243,-0.0295667547219968,0.00171448565682202,-0.00307356381899757,-0.00103496398683436
"beta",-0.00315466344956243,0.0633109214769885,0.0034394067132943,-0.0242030792466495,-0.0257114982712917,-0.00527683723268712
"gamma",-0.0295667547219968,0.0034394067132943,0.0486171220585035,-0.0023800219639251,0.000950079485224742,-0.00577218776166079
"delta",0.00171448565682202,-0.0242030792466495,-0.0023800219639251,0.031210667960676,-0.0227171737873725,-0.0030528324730744
"lambda",-0.00307356381899757,-0.0257114982712917,0.000950079485224742,-0.0227171737873725,1.27315456053113,-0.020837966292799
"luce",-0.00103496398683436,-0.00527683723268712,-0.00577218776166079,-0.0030528324730744,-0.020837966292799,0.0792045431353044
"alpha",0.0668791376260206,0.0022050517753135,-0.022896371037368,-0.000131306062113686,0.0023115022955332,0.00016355324098323
"beta",0.0022050517753135,0.0659183647449629,0.000342705367852775,-0.0156474563134194,-0.021319012145578,-0.00253842452571684
"gamma",-0.022896371037368,0.000342705367852775,0.0304986531543456,0.000145707029887415,0.00793114855946997,-0.00950971163640801
