"","alpha","beta","gamma","delta","lambda","luce"
"",0,0,0,0,0,0
"alpha",0.0256601414339664,0.00206912621573275,0.00515724427251193,7.51183167537963e-05,0.0541988035490174,-0.00241062286372201
"beta",0.00206912621573275,0.00253323030173907,0.00381220480574131,0.000604870010405402,-0.0106593229339442,-0.00105919141259246
"gamma",0.00515724427251193,0.00381220480574131,0.0494297785183654,-0.000691456412928448,0.0208922751265684,0.0030569876574455
"delta",7.51183167537963e-05,0.000604870010405402,-0.000691456412928448,0.00228442388295817,-0.000487104119727333,0.000206784891426518
"lambda",0.0541988035490174,-0.0106593229339442,0.0208922751265684,-0.000487104119727333,0.913765572013083,-0.052943202498631
"luce",-0.00241062286372201,-0.00105919141259246,0.0030569876574455,0.000206784891426518,-0.052943202498631,0.0681202133663414
"alpha",0.00875935848426376,0.00117557813882875,-0.00145184219269063,0.0017699367386422,0.0397689597846718,-0.0101624269962116
"beta",0.00117557813882875,0.0024076769912883,0.00242818710368345,0.000845458397397362,-0.0257028761460536,-0.00140783014368134
"gamma",-0.00145184219269063,0.00242818710368345,0.0223125503846161,-0.00376345602244092,-0.00641777147758503,-0.00174182330780322
"delta",0.0017699367386422,0.000845458397397362,-0.00376345602244092,0.00564739862518916,-0.00925833685945327,-0.00294629427014784
"lambda",0.0397689597846718,-0.0257028761460536,-0.00641777147758503,-0.00925833685945327,1.00969178912529,-0.119068908335416
"luce",-0.0101624269962116,-0.00140783014368134,-0.00174182330780322,-0.00294629427014784,-0.119068908335416,0.0674324190763383
"alpha",0.0521998672306525,0.000457881806064209,-0.017386014188339,-0.000477726518932555,0.0354924907166289,0.00107583523571421
"beta",0.000457881806064209,0.00206089715455035,0.00119364836914447,0.00124743488297331,-0.0101297621061595,-0.00187833640868862
"gamma",-0.017386014188339,0.00119364836914447,0.0469325659033504,6.18523391785061e-05,0.0191645593107684,-0.0040585266150445
"delta",-0.000477726518932555,0.00124743488297331,6.18523391785061e-05,0.00347287808053923,0.00579158991340304,-0.0004025364272826
"lambda",0.0354924907166289,-0.0101297621061595,0.0191645593107684,0.00579158991340304,1.0647609167663,-0.0941527975018468
"luce",0.00107583523571421,-0.00187833640868862,-0.0040585266150445,-0.0004025364272826,-0.0941527975018468,0.0786562561440772
"alpha",0.0520218749250047,-5.82460973699259e-05,-0.0253800553806398,0.0037862283254457,0.0039648076167095,0.00702753309036144
"beta",-5.82460973699259e-05,0.00602998161457176,0.000684728920032443,0.000338742331497555,-0.0161285030153386,-0.00243613283181353
"gamma",-0.0253800553806398,0.000684728920032443,0.0833632341186957,-0.00825289850008761,-0.00808298256687996,-0.0198382566843373
"delta",0.0037862283254457,0.000338742331497555,-0.00825289850008761,0.0456169574357352,-0.0137430806295152,-0.00131028634259962
"lambda",0.0039648076167095,-0.0161285030153386,-0.00808298256687996,-0.0137430806295152,0.587082835004598,-0.0494282147316713
"luce",0.00702753309036144,-0.00243613283181353,-0.0198382566843373,-0.00131028634259962,-0.0494282147316713,0.0539187551973355
"alpha",0.0176606915542167,0.00238825402212303,-0.00719075041463989,0.000542651113017056,0.0101712286018683,-0.00277280972063901
"beta",0.00238825402212303,0.00291361249561264,0.0046563174670411,0.0001459036911928,-0.018028677146222,-0.00306286867682175
"gamma",-0.00719075041463989,0.0046563174670411,0.0581021757684154,-0.000716319088407687,-0.037219239776449,-0.0063866260866
"delta",0.000542651113017056,0.0001459036911928,-0.000716319088407687,0.00388136677633554,0.00163119559000375,-0.000511517881210916
"lambda",0.0101712286018683,-0.018028677146222,-0.037219239776449,0.00163119559000375,0.516700425850931,-0.0238485874244579
"luce",-0.00277280972063901,-0.00306286867682175,-0.0063866260866,-0.000511517881210916,-0.0238485874244579,0.0358415771065469
"alpha",0.00772207249053713,0.000625938246285835,-0.0016493249743556,0.00711234961524917,-0.00857575598949937,-0.0153401239425459
"beta",0.000625938246285835,0.037605238028073,0.00937293618817346,-0.00867026824881328,-0.0555189333066862,-0.000633348386439594
"gamma",-0.0016493249743556,0.00937293618817346,0.0256663965867609,-0.00350287204073349,-0.024908332296172,-0.00475455662950965
"delta",0.00711234961524917,-0.00867026824881328,-0.00350287204073349,0.0208387225760407,-0.043407380180077,-0.0126731678987512
"lambda",-0.00857575598949937,-0.0555189333066862,-0.024908332296172,-0.043407380180077,1.38284960473002,0.0159888868736849
"luce",-0.0153401239425459,-0.000633348386439594,-0.00475455662950965,-0.0126731678987512,0.0159888868736849,0.0746279240435862
"alpha",0.0213808133690212,-0.00958854347031692,-0.01758082809889,0.018179861118719,-0.00508542399051003,-0.0158745645912227
"beta",-0.00958854347031692,0.0759714015452436,0.0174040869382012,-0.0375646042290913,0.0217985046696769,0.00795274363387063
"gamma",-0.01758082809889,0.0174040869382012,0.0491257182006459,-0.0254451928277449,0.00418044767328347,0.0023660913305681
"delta",0.018179861118719,-0.0375646042290913,-0.0254451928277449,0.0636934142332756,-0.0550189416930299,-0.0183225178762316
"lambda",-0.00508542399051003,0.0217985046696769,0.00418044767328347,-0.0550189416930299,1.32294001015602,-0.00446204009201274
"luce",-0.0158745645912227,0.00795274363387063,0.0023660913305681,-0.0183225178762316,-0.00446204009201274,0.0786786492250832
"alpha",0.051788026967565,-0.0038435498655337,-0.0344094118992744,0.00627419814614465,-0.00867148129419308,-0.00549782159332422
"beta",-0.0038435498655337,0.0402399633566669,0.00854319452815425,-0.0143696379372593,-0.022211678796902,-0.000329411604980172
"gamma",-0.0344094118992744,0.00854319452815425,0.0715392810395236,-0.0103412379788353,0.00839557610051511,-0.00228433745290823
"delta",0.00627419814614465,-0.0143696379372593,-0.0103412379788353,0.0376023506376275,-0.0832120155340542,-0.0165315224921272
"lambda",-0.00867148129419308,-0.022211678796902,0.00839557610051511,-0.0832120155340542,1.1451313460235,0.0133065771502757
"luce",-0.00549782159332422,-0.000329411604980172,-0.00228433745290823,-0.0165315224921272,0.0133065771502757,0.0756699408129861
"alpha",0.0648185598767444,-0.00122574070285163,-0.0501331651593898,0.00165011282143576,0.00120548139088419,0.000905015343886654
"beta",-0.00122574070285163,0.0783054113784708,0.00318218628640999,-0.017378370321265,-0.00630993176160098,0.000960098285721808
"gamma",-0.0501331651593898,0.00318218628640999,0.11821090655162,-0.00398425711877873,-0.00632670248761661,-0.0103737017263917
"delta",0.00165011282143576,-0.017378370321265,-0.00398425711877873,0.0170193748527843,-0.025035153618807,-0.00470966406909744
"lambda",0.00120548139088419,-0.00630993176160098,-0.00632670248761661,-0.025035153618807,1.35484692498446,-0.011819374210461
"luce",0.000905015343886654,0.000960098285721808,-0.0103737017263917,-0.00470966406909744,-0.011819374210461,0.079704152203053
"alpha",0.0715075829472806,-0.00350743858707595,-0.0270667645671566,0.000448570183182698,-0.00199234421203326,0.00320064443196225
"beta",-0.00350743858707595,0.0771776063041059,0.00221320725138657,-0.0115166723309324,0.0222166518964226,0.00320702881889216
"gamma",-0.0270667645671566,0.00221320725138657,0.0400359873231891,-0.000576696437414612,0.00161445389595749,-0.0139152874231711
"delta",0.000448570183182698,-0.0115166723309324,-0.000576696437414612,0.0101259738397377,-0.0267419057078132,-0.00417720556727314
"lambda",-0.00199234421203326,0.0222166518964226,0.00161445389595749,-0.0267419057078132,1.33249935789335,0.0019084695438896
"luce",0.00320064443196225,0.00320702881889216,-0.0139152874231711,-0.00417720556727314,0.0019084695438896,0.0844208982314894
"alpha",0.00337403901089962,-0.0017776368777972,-0.00105779615066783,0.00446366778087385,0.00349617216586888,-0.00509518393560538
"beta",-0.0017776368777972,0.0552368398180642,0.00168938926214154,-0.0335764614884537,-0.0180457090161028,-0.00113080172155973
"gamma",-0.00105779615066783,0.00168938926214154,0.00444841417873427,-0.00452469175294724,-0.000584963940326925,-0.0013069965842898
"delta",0.00446366778087385,-0.0335764614884537,-0.00452469175294724,0.0760479231608603,-0.0379720032946948,-0.00210177296867905
"lambda",0.00349617216586888,-0.0180457090161028,-0.000584963940326925,-0.0379720032946948,1.23963373554726,-0.0109776255070316
"luce",-0.00509518393560538,-0.00113080172155973,-0.0013069965842898,-0.00210177296867905,-0.0109776255070316,0.058173599671072
"alpha",0.0515787130592701,-0.00388119973984681,-0.0417211820410917,0.00178522645559368,-0.0146084422146108,-0.00297146290034157
"beta",-0.00388119973984681,0.0144876393723439,0.0117403496368613,-0.00304915310927637,-0.0390069936022261,-0.00483122449849679
"gamma",-0.0417211820410917,0.0117403496368613,0.11000683778846,-0.00310682268192433,0.0109174518742362,-0.00118552125651251
"delta",0.00178522645559368,-0.00304915310927637,-0.00310682268192433,0.00164907706415634,-0.0121727288699069,-0.00291676665319783
"lambda",-0.0146084422146108,-0.0390069936022261,0.0109174518742362,-0.0121727288699069,1.23304687758274,-0.0341102465658824
"luce",-0.00297146290034157,-0.00483122449849679,-0.00118552125651251,-0.00291676665319783,-0.0341102465658824,0.0830592552275595
"alpha",0.00313562592923494,-0.000191494691851164,-0.000967447563639039,0.000884743912033293,0.0315983237053379,-0.0079665140533487
"beta",-0.000191494691851164,0.00527464043780892,0.00221527258798669,0.00320749578158404,-0.046942302737488,-0.00140356269025127
"gamma",-0.000967447563639039,0.00221527258798669,0.00282473723881534,0.000516226379172053,-0.0160613246206878,-0.00175800844531677
"delta",0.000884743912033293,0.00320749578158404,0.000516226379172053,0.00903372790651744,-0.0417565462428941,-0.00216269824051242
"lambda",0.0315983237053379,-0.046942302737488,-0.0160613246206878,-0.0417565462428941,0.936858240201848,-0.0918986495564657
"luce",-0.0079665140533487,-0.00140356269025127,-0.00175800844531677,-0.00216269824051242,-0.0918986495564657,0.0599944418211702
"alpha",0.00356250704980828,-0.00338339237531717,0.00108065936904328,0.00512722247661015,-0.00366670915238019,-0.0107501400716675
"beta",-0.00338339237531717,0.0616784911692565,0.000186830157590534,-0.0249013065081607,0.00986452145991173,0.00903630805735926
"gamma",0.00108065936904328,0.000186830157590534,0.00429695387461456,-0.00191452720248813,-0.00108414853169449,-0.00144544001783501
"delta",0.00512722247661015,-0.0249013065081607,-0.00191452720248813,0.0489955790310788,-0.07248792176194,-0.015780812906576
"lambda",-0.00366670915238019,0.00986452145991173,-0.00108414853169449,-0.07248792176194,1.31936471739551,0.00595547993885029
"luce",-0.0107501400716675,0.00903630805735926,-0.00144544001783501,-0.015780812906576,0.00595547993885029,0.067132426076621
"alpha",0.0548240481343404,-0.000611769800786574,-0.0240626157570117,-2.78986571067591e-05,0.017549308022457,-0.00344692618958092
"beta",-0.000611769800786574,0.00282399230638337,0.00596834038580181,0.000938505802771315,-0.0202586937526246,-0.00151693745703581
"gamma",-0.0240626157570117,0.00596834038580181,0.0946861388687481,-0.000474777443177856,-0.0255759287975428,-0.0105068161825004
"delta",-2.78986571067591e-05,0.000938505802771315,-0.000474777443177856,0.0037755857203405,-0.00906536761706027,-0.00131580313978913
"lambda",0.017549308022457,-0.0202586937526246,-0.0255759287975428,-0.00906536761706027,0.918881681786215,-0.151797418434076
"luce",-0.00344692618958092,-0.00151693745703581,-0.0105068161825004,-0.00131580313978913,-0.151797418434076,0.0694123422644815
"alpha",0.0077538423097366,-0.00286177451654202,-0.000416275441380485,0.0095479970327065,-0.00711417575867164,-0.0154309034481309
"beta",-0.00286177451654202,0.0557931946220693,0.00294102694190087,-0.0261108700707502,0.00175631348412945,0.0127248067459215
"gamma",-0.000416275441380485,0.00294102694190087,0.016556371213159,-0.00374118448265833,-0.00904464945181922,0.00147358249577983
"delta",0.0095479970327065,-0.0261108700707502,-0.00374118448265833,0.0524680787511214,-0.055913351149817,-0.030692636726219
"lambda",-0.00711417575867164,0.00175631348412945,-0.00904464945181922,-0.055913351149817,1.32216473774924,-0.0018850343389631
"luce",-0.0154309034481309,0.0127248067459215,0.00147358249577983,-0.030692636726219,-0.0018850343389631,0.0788697677645789
"alpha",0.00501525993364953,0.000138632747575747,-0.00266150514013106,0.00229330225917655,0.0386467936365246,-0.00530623658036893
"beta",0.000138632747575747,0.00300214743722611,0.00293895505687978,0.000920204973405293,-0.0341853148674356,-0.00147211423035671
"gamma",-0.00266150514013106,0.00293895505687978,0.0185206070540817,-0.00425299451861096,-0.0267954814530868,-0.00372465019217947
"delta",0.00229330225917655,0.000920204973405293,-0.00425299451861096,0.00573419519737359,-0.00314202017186364,-0.0010614434776344
"lambda",0.0386467936365246,-0.0341853148674356,-0.0267954814530868,-0.00314202017186364,0.987035341310487,-0.0769815482082659
"luce",-0.00530623658036893,-0.00147211423035671,-0.00372465019217947,-0.0010614434776344,-0.0769815482082659,0.0575449685111247
"alpha",0.0563095749968998,0.000525744974735799,-0.0177186143450003,-0.00128272345859848,0.0333829995287082,-0.00310320835221086
"beta",0.000525744974735799,0.00106515416797016,0.00216402141553707,0.000153201064497653,-0.00409857029954087,-0.000661877098161532
"gamma",-0.0177186143450003,0.00216402141553707,0.0877262247534365,-0.00360059023503329,0.0433825397791337,-0.00403217182733627
"delta",-0.00128272345859848,0.000153201064497653,-0.00360059023503329,0.00212763799624177,-0.00663958315785541,-0.000787311447671793
"lambda",0.0333829995287082,-0.00409857029954087,0.0433825397791337,-0.00663958315785541,1.00063422195376,-0.160375403924536
"luce",-0.00310320835221086,-0.000661877098161532,-0.00403217182733627,-0.000787311447671793,-0.160375403924536,0.0755482936979177
"alpha",0.0500916376526475,-0.000261728312189769,-0.0258506722360609,0.00523336250737721,0.0506689736943753,-0.00548402517081374
"beta",-0.000261728312189769,0.00597668548146329,0.00350021406022103,0.00128555700682558,-0.0433389770297244,-0.00424647795949582
"gamma",-0.0258506722360609,0.00350021406022103,0.0332212711848138,-0.00394715610145995,-0.0278058612064016,-0.00549655148788831
"delta",0.00523336250737721,0.00128555700682558,-0.00394715610145995,0.00986200755253746,-0.0274850780971434,-0.00418027551043167
"lambda",0.0506689736943753,-0.0433389770297244,-0.0278058612064016,-0.0274850780971434,1.10688568932917,-0.132865038767021
"luce",-0.00548402517081374,-0.00424647795949582,-0.00549655148788831,-0.00418027551043167,-0.132865038767021,0.0801905898781354
"alpha",0.0204770615814804,0.00105045713962006,-0.0060738670536366,0.00127723032626647,-0.00171871088501607,-0.010234366732133
"beta",0.00105045713962006,0.0754609965738812,0.00512069398417286,-0.0102465003063489,-0.0177739726078299,-0.000815328561619895
"gamma",-0.0060738670536366,0.00512069398417286,0.0647370230787629,-0.00106385512293826,0.00191899528418769,-0.0108498806568646
"delta",0.00127723032626647,-0.0102465003063489,-0.00106385512293826,0.00907482832150372,-0.0180963398521687,-0.00290944552531429
"lambda",-0.00171871088501607,-0.0177739726078299,0.00191899528418769,-0.0180963398521687,1.31053437028955,-0.00476592895507489
"luce",-0.010234366732133,-0.000815328561619895,-0.0108498806568646,-0.00290944552531429,-0.00476592895507489,0.0668208777524099
"alpha",0.00206719445196331,9.61268538983885e-05,-0.000676507157828485,0.000682874756150367,0.0158421390784541,-0.00135395310248944
"beta",9.61268538983885e-05,0.00252227591300631,0.000873803362917891,0.000742584635682042,-0.0289707857110237,-0.000326191344378994
"gamma",-0.000676507157828485,0.000873803362917891,0.0071420678517236,-0.001502357803837,0.00892917425874164,-0.0036132287370917
"delta",0.000682874756150367,0.000742584635682042,-0.001502357803837,0.00224109538513977,-0.0151265011604152,0.00115572421904824
"lambda",0.0158421390784541,-0.0289707857110237,0.00892917425874164,-0.0151265011604152,0.649615993818682,-0.0351422802919568
"luce",-0.00135395310248944,-0.000326191344378994,-0.0036132287370917,0.00115572421904824,-0.0351422802919568,0.0533699759934809
"alpha",0.00373799791889137,0.00202631600664068,0.00045216465616554,0.00691293427266997,0.0116654561451405,-0.00879857095352686
"beta",0.00202631600664068,0.0194792462047742,0.000341398929696164,-0.00149268566363216,-0.0606775152170496,-0.00183163989425536
"gamma",0.00045216465616554,0.000341398929696164,0.00269418218549962,-0.000940450716538937,-0.00605514453194797,-3.37459315062808e-05
"delta",0.00691293427266997,-0.00149268566363216,-0.000940450716538937,0.04455191450607,-0.0376371486423731,-0.00917186549093906
"lambda",0.0116654561451405,-0.0606775152170496,-0.00605514453194797,-0.0376371486423731,1.20037691354104,-0.0684255283439249
"luce",-0.00879857095352686,-0.00183163989425536,-3.37459315062808e-05,-0.00917186549093906,-0.0684255283439249,0.0641469193816367
"alpha",0.0344117377579021,-0.000764508338630108,-0.0142274206062878,0.00141816931559999,0.0355697190535064,-0.00439304938227536
"beta",-0.000764508338630108,0.00596482383037749,0.00466329544882701,0.000346673201151745,-0.0535819290438587,-0.00557945806266572
"gamma",-0.0142274206062878,0.00466329544882701,0.0432753848341454,-0.00018278967021077,-0.00949462387207061,-0.0096127718827395
"delta",0.00141816931559999,0.000346673201151745,-0.00018278967021077,0.00116778105612346,-0.00872356505224398,-0.00215865576737177
"lambda",0.0355697190535064,-0.0535819290438587,-0.00949462387207061,-0.00872356505224398,1.18096726251739,-0.0918231465887037
"luce",-0.00439304938227536,-0.00557945806266572,-0.0096127718827395,-0.00215865576737177,-0.0918231465887037,0.0786261210727072
"alpha",0.0492292913558295,-0.00168123876654185,-0.0266052566625402,0.00584871378778745,-0.0129616214839507,-0.00426178150454639
"beta",-0.00168123876654185,0.0799099955254131,0.00163732523996335,-0.0181354113828476,-0.00932874085042984,0.00364946884560649
"gamma",-0.0266052566625402,0.00163732523996335,0.0477453361953309,-0.00237462829335986,0.00397092300234344,-0.00885357429332095
"delta",0.00584871378778745,-0.0181354113828476,-0.00237462829335986,0.0195446333259232,-0.0328901202700665,-0.00752940064990828
"lambda",-0.0129616214839507,-0.00932874085042984,0.00397092300234344,-0.0328901202700665,1.34313483358223,-0.0036780456745424
"luce",-0.00426178150454639,0.00364946884560649,-0.00885357429332095,-0.00752940064990828,-0.0036780456745424,0.0820900092688379
"alpha",0.00614646060956623,-0.000543580768782975,-0.00304081090123541,0.000616914810239735,0.00894994153481549,-0.0049518814028373
"beta",-0.000543580768782975,0.00432554469386996,0.00109792945856687,-0.000664472531061352,-0.0186007199856664,-0.00326358770227084
"gamma",-0.00304081090123541,0.00109792945856687,0.00330762106698335,2.5623536721932e-05,-0.00102705838281304,-0.00262830168832017
"delta",0.000616914810239735,-0.000664472531061352,2.5623536721932e-05,0.000609054427995117,-0.00745701354860401,-0.00168492066258762
"lambda",0.00894994153481549,-0.0186007199856664,-0.00102705838281304,-0.00745701354860401,0.791222315541855,-0.0125936977820728
"luce",-0.0049518814028373,-0.00326358770227084,-0.00262830168832017,-0.00168492066258762,-0.0125936977820728,0.0554131511081262
"alpha",0.0601341346179502,-0.00672891973287785,-0.0466279847919823,0.00390069467627497,0.00144054239628709,-0.000929109553043399
"beta",-0.00672891973287785,0.0389448994725694,0.0185979372559992,-0.0125694386853498,-0.0515488109484641,-0.00274628098483741
"gamma",-0.0466279847919823,0.0185979372559992,0.119078399151568,-0.00721971384004581,-0.0116913723800778,-0.010956554704835
"delta",0.00390069467627497,-0.0125694386853498,-0.00721971384004581,0.0109340147324436,-0.0058214529805183,-0.00473035837237113
"lambda",0.00144054239628709,-0.0515488109484641,-0.0116913723800778,-0.0058214529805183,1.30705743626741,-0.0210641761509491
"luce",-0.000929109553043399,-0.00274628098483741,-0.010956554704835,-0.00473035837237113,-0.0210641761509491,0.0836446868293987
"alpha",0.0592889085012163,0.000315598526219638,-0.0345650650621215,2.7898789618858e-05,-0.00883890918636153,-0.00104715206680615
"beta",0.000315598526219638,0.00233433481273452,0.00172697647186375,0.000343693380116685,-0.0131745575590887,-0.00292444939369039
"gamma",-0.0345650650621215,0.00172697647186375,0.0926394738923429,-0.000285405380800013,0.0244011793203117,-0.00509430482715248
"delta",2.7898789618858e-05,0.000343693380116685,-0.000285405380800013,0.000877901163875019,-0.00550708683051353,-0.00186822944618339
"lambda",-0.00883890918636153,-0.0131745575590887,0.0244011793203117,-0.00550708683051353,0.866450304595263,-0.0498839801638151
"luce",-0.00104715206680615,-0.00292444939369039,-0.00509430482715248,-0.00186822944618339,-0.0498839801638151,0.0710879390077593
"alpha",0.0426164745186268,-0.00505783793949258,-0.0178525820562158,0.00592196090944754,0.00638123268045756,-0.00523211391144613
"beta",-0.00505783793949258,0.0639757606867679,0.00458537565007272,-0.0120578218515002,-0.0103721218346678,0.000521360535050537
"gamma",-0.0178525820562158,0.00458537565007272,0.0212071834724009,-0.00198014494636826,-0.0119325969227577,-0.00677648864565876
"delta",0.00592196090944754,-0.0120578218515002,-0.00198014494636826,0.0126261915685112,-0.0358719365984902,-0.00570800535940287
"lambda",0.00638123268045756,-0.0103721218346678,-0.0119325969227577,-0.0358719365984902,1.31299117126888,-0.0107310264938795
"luce",-0.00523211391144613,0.000521360535050537,-0.00677648864565876,-0.00570800535940287,-0.0107310264938795,0.0855766138119379
"alpha",0.0715415806329674,-0.00464254577096683,-0.0365535629127992,0.00337326253332294,0.00643153013747616,0.000486582308285167
"beta",-0.00464254577096683,0.0292543759336737,0.0111773082149135,-0.00946001899605664,-0.0424360652604956,-0.0071612410681584
"gamma",-0.0365535629127992,0.0111773082149135,0.063937003989917,-0.00556941077327097,0.00177523202315719,-0.0120288651367129
"delta",0.00337326253332294,-0.00946001899605664,-0.00556941077327097,0.0102683132681596,-0.0209011344767314,-0.00435467162472008
"lambda",0.00643153013747616,-0.0424360652604956,0.00177523202315719,-0.0209011344767314,1.23845412171493,9.6845062249768e-05
"luce",0.000486582308285167,-0.0071612410681584,-0.0120288651367129,-0.00435467162472008,9.6845062249768e-05,0.0838246528732859
"alpha",0.0756044036624074,-0.000931800313882478,-0.0390892366959735,2.46531430284912e-05,-0.00854729502274058,0.00474282771733615
"beta",-0.000931800313882478,0.00259969877527178,0.00180357174636503,7.88293991050089e-05,-0.0156715426397813,-0.00387999284957245
"gamma",-0.0390892366959735,0.00180357174636503,0.0728749586986802,-0.000102053589867339,0.016829519769225,-0.0109800398886208
"delta",2.46531430284912e-05,7.88293991050089e-05,-0.000102053589867339,0.000143157725419656,-0.000976293820228201,-0.0002713367242288
"lambda",-0.00854729502274058,-0.0156715426397813,0.016829519769225,-0.000976293820228201,0.867449395627336,-0.078776342838195
"luce",0.00474282771733615,-0.00387999284957245,-0.0109800398886208,-0.0002713367242288,-0.078776342838195,0.0719512386734253
"alpha",0.0584568604030816,0.000316048180839194,-0.0355539277227749,0.0031096612628834,0.0188610680495923,-0.000746274110286183
"beta",0.000316048180839194,0.0093581807582046,0.00477526706220058,0.000900810228106683,-0.0494059109200425,-0.00806541340607014
"gamma",-0.0355539277227749,0.00477526706220058,0.0738661159926798,-0.00299526541156296,-0.0362380949248504,-0.0128642108103144
"delta",0.0031096612628834,0.000900810228106683,-0.00299526541156296,0.0162657700467887,-0.0205626751884767,-0.0048918555473953
"lambda",0.0188610680495923,-0.0494059109200425,-0.0362380949248504,-0.0205626751884767,1.03115047817627,-0.104115850367628
"luce",-0.000746274110286183,-0.00806541340607014,-0.0128642108103144,-0.0048918555473953,-0.104115850367628,0.073437040851622
"alpha",0.0694407696344331,-0.000691309699571969,-0.034423742354441,0.000524154614483368,0.0170978540220601,-0.00228149947967768
"beta",-0.000691309699571969,0.00453727360224493,0.00313944701658329,0.000120849120795048,-0.0372177607733882,-0.00633848829114304
"gamma",-0.034423742354441,0.00313944701658329,0.0661786229405976,-0.000697946685723902,-0.0128316745901217,-0.00551722118745177
"delta",0.000524154614483368,0.000120849120795048,-0.000697946685723902,0.0013821421379675,-0.012345091353537,-0.00249867874610906
"lambda",0.0170978540220601,-0.0372177607733882,-0.0128316745901217,-0.012345091353537,1.11060357048941,-0.0743185359070808
"luce",-0.00228149947967768,-0.00633848829114304,-0.00551722118745177,-0.00249867874610906,-0.0743185359070808,0.07614389750128
"alpha",0.045989871160519,0.000408161276033482,-0.014798311998737,0.000291127557366521,0.00107906880534786,-0.00264754822794853
"beta",0.000408161276033482,0.00232055544938762,0.00249048885703304,0.00177362640944384,-0.0101685927232116,-0.00183783602549713
"gamma",-0.014798311998737,0.00249048885703304,0.0822062873298584,-0.000949573582530158,-0.00238447445832543,-0.00463420913683357
"delta",0.000291127557366521,0.00177362640944384,-0.000949573582530158,0.00379803731601984,-0.00481407059368043,-0.00125702123536806
"lambda",0.00107906880534786,-0.0101685927232116,-0.00238447445832543,-0.00481407059368043,0.8215673265672,-0.030750114976612
"luce",-0.00264754822794853,-0.00183783602549713,-0.00463420913683357,-0.00125702123536806,-0.030750114976612,0.0625480785066457
"alpha",0.0295958237686674,0.000669361881714476,-0.0164865332149475,0.0034969637259955,0.0259391448736708,-0.0100193706679543
"beta",0.000669361881714476,0.0117690556372602,0.0103456315483626,-0.00314924929834722,-0.0511287438887252,-0.00680862632573762
"gamma",-0.0164865332149475,0.0103456315483626,0.0571225925144064,-0.00404960508413301,-0.0357284745221211,-0.00922774730482549
"delta",0.0034969637259955,-0.00314924929834722,-0.00404960508413301,0.0079390180275638,-0.0228321367870077,-0.00796186721166115
"lambda",0.0259391448736708,-0.0511287438887252,-0.0357284745221211,-0.0228321367870077,1.2335679454178,-0.0276462025597059
"luce",-0.0100193706679543,-0.00680862632573762,-0.00922774730482549,-0.00796186721166115,-0.0276462025597059,0.0825612692370043
"alpha",0.055825525047996,0.000115491455495718,-0.0232659739171394,-0.000872088247626671,-0.00134246574299043,-0.000866630459689906
"beta",0.000115491455495718,0.00148767733646678,0.0013356991718521,0.000528803244130815,-0.00569501793254719,-0.00163143635747711
"gamma",-0.0232659739171394,0.0013356991718521,0.0614794494571817,-0.00107708439032061,0.00492886396269198,-0.00322885281183788
"delta",-0.000872088247626671,0.000528803244130815,-0.00107708439032061,0.00281114149923602,-0.00115056076335733,-0.00140652787692892
"lambda",-0.00134246574299043,-0.00569501793254719,0.00492886396269198,-0.00115056076335733,0.279219355903923,-0.0534139025670951
"luce",-0.000866630459689906,-0.00163143635747711,-0.00322885281183788,-0.00140652787692892,-0.0534139025670951,0.0489304743975535
"alpha",0.0324169678939876,0.00251248658953413,-0.0213184681740924,0.0088445893304599,0.0321169362781648,-0.00864263590563023
"beta",0.00251248658953413,0.0144133439393892,0.00655193152563172,-0.00484204447192423,-0.0517448043846664,-0.00543490232319821
"gamma",-0.0213184681740924,0.00655193152563172,0.0568043750405902,-0.010010233206321,-0.0522781921195049,-0.0122526695246411
"delta",0.0088445893304599,-0.00484204447192423,-0.010010233206321,0.0349476322012948,-0.0322105650222994,-0.0158067634136482
"lambda",0.0321169362781648,-0.0517448043846664,-0.0522781921195049,-0.0322105650222994,1.25828711987171,-0.0488164232873601
"luce",-0.00864263590563023,-0.00543490232319821,-0.0122526695246411,-0.0158067634136482,-0.0488164232873601,0.0754225905821393
"alpha",0.00662650349169798,-0.000789887273550945,-0.00207086871315582,0.0032500347399211,-0.00431902966135664,-0.0135571469832654
"beta",-0.000789887273550945,0.0738793388417347,0.0028894487904159,-0.0168274586406201,-0.00496356132187246,0.00217573540610061
"gamma",-0.00207086871315582,0.0028894487904159,0.0275384777014748,-0.00249245725770565,0.00164004184319939,-0.00557053041664991
"delta",0.0032500347399211,-0.0168274586406201,-0.00249245725770565,0.0204428432486118,-0.0310257439120324,-0.00846010539101984
"lambda",-0.00431902966135664,-0.00496356132187246,0.00164004184319939,-0.0310257439120324,1.38401423893014,0.0053597081559399
"luce",-0.0135571469832654,0.00217573540610061,-0.00557053041664991,-0.00846010539101984,0.0053597081559399,0.0702599705238261
"alpha",0.00544314896456138,0.000900651136992452,-0.00257323872090331,0.00165745342382747,0.0312941652029642,-0.00284623425093712
"beta",0.000900651136992452,0.00290759963411123,0.00219617840202913,0.00113858502505029,-0.0200656569299395,-0.00430144717311454
"gamma",-0.00257323872090331,0.00219617840202913,0.011927404439106,-0.000100822736475691,-0.00619946699191581,-0.0100124464926382
"delta",0.00165745342382747,0.00113858502505029,-0.000100822736475691,0.00189331710753004,-0.00661130210792872,-0.0013341277565707
"lambda",0.0312941652029642,-0.0200656569299395,-0.00619946699191581,-0.00661130210792872,0.752570499711581,-0.048089524563636
"luce",-0.00284623425093712,-0.00430144717311454,-0.0100124464926382,-0.0013341277565707,-0.048089524563636,0.0673940892474877
"alpha",0.00460983182255754,-0.00177225858867975,-9.24579350777434e-05,0.00591921695689872,-0.00492646178938439,-0.0124898126201278
"beta",-0.00177225858867975,0.0584763383612138,0.00172087839829929,-0.0180923439327606,0.00226417169713549,0.00591784376409634
"gamma",-9.24579350777434e-05,0.00172087839829929,0.00727180857778177,-0.00204752939226166,-0.00338478385392766,-0.00420949533172245
"delta",0.00591921695689872,-0.0180923439327606,-0.00204752939226166,0.0482559466415975,-0.0784487439485044,-0.0140998695556751
"lambda",-0.00492646178938439,0.00226417169713549,-0.00338478385392766,-0.0784487439485044,1.36193957706882,0.0154212174624612
"luce",-0.0124898126201278,0.00591784376409634,-0.00420949533172245,-0.0140998695556751,0.0154212174624612,0.0564363419621129
"alpha",0.0622652287956158,-0.000468037552254233,-0.0321037095841491,0.000429697254525948,0.00725527021565456,-0.00204745451011375
"beta",-0.000468037552254233,0.00146718015048936,0.00329585358115117,9.16776595530555e-05,-0.0146212986362348,-0.00177443313988572
"gamma",-0.0321037095841491,0.00329585358115117,0.0934922152071433,-0.00103301040858214,-0.0139013696275189,-0.0106695708159778
"delta",0.000429697254525948,9.16776595530555e-05,-0.00103301040858214,0.00130488805817355,-0.00255875320563331,-0.000272259984044834
"lambda",0.00725527021565456,-0.0146212986362348,-0.0139013696275189,-0.00255875320563331,1.00489444318076,-0.11537766160539
"luce",-0.00204745451011375,-0.00177443313988572,-0.0106695708159778,-0.000272259984044834,-0.11537766160539,0.0716439961745916
"alpha",0.0455170131221816,-0.000519695056159321,-0.0205865737316688,0.000537301349643095,0.0123776724571189,-0.00660571750675688
"beta",-0.000519695056159321,0.00385218408735721,0.00373172230182871,0.00155838566043863,-0.0198220047885597,-0.00272553813259584
"gamma",-0.0205865737316688,0.00373172230182871,0.0648415650486447,-0.000535855625930471,-0.0131779514856934,-0.00345355416817846
"delta",0.000537301349643095,0.00155838566043863,-0.000535855625930471,0.00389905666350156,-0.0072765146918928,-0.00103419585172423
"lambda",0.0123776724571189,-0.0198220047885597,-0.0131779514856934,-0.0072765146918928,0.50372969660707,-0.0777077511388806
"luce",-0.00660571750675688,-0.00272553813259584,-0.00345355416817846,-0.00103419585172423,-0.0777077511388806,0.0567216003534312
"alpha",0.0584315484177273,-0.0118218356584306,-0.0367160200928771,0.0238647753127013,0.00855156483153905,-0.00753085439548259
"beta",-0.0118218356584306,0.0572421780948486,0.0151070922057018,-0.0317201644742021,-0.0104420929469762,-0.00171509021517756
"gamma",-0.0367160200928771,0.0151070922057018,0.0628539952887212,-0.0244099147700729,0.0021372276111175,-0.00713155798113398
"delta",0.0238647753127013,-0.0317201644742021,-0.0244099147700729,0.059445159254935,-0.0567530519571228,-0.0125683786191598
"lambda",0.00855156483153905,-0.0104420929469762,0.0021372276111175,-0.0567530519571228,1.24015990259626,-0.0135383310333747
"luce",-0.00753085439548259,-0.00171509021517756,-0.00713155798113398,-0.0125683786191598,-0.0135383310333747,0.0841930052781093
"alpha",0.0321022098789629,0.00495614854295664,-0.0160779333823948,0.00257720853631948,0.015775231241496,-0.00897705708088503
"beta",0.00495614854295664,0.0173760401735233,0.00975768939328696,-0.00112525800496381,-0.0591499501104131,-0.00925194791612314
"gamma",-0.0160779333823948,0.00975768939328696,0.06631863632218,-0.00410293094813176,-0.050376388263012,-0.0103468831096448
"delta",0.00257720853631948,-0.00112525800496381,-0.00410293094813176,0.0211598736844431,-0.0294439298171079,-0.00446498371693634
"lambda",0.015775231241496,-0.0591499501104131,-0.050376388263012,-0.0294439298171079,0.961382714838864,-0.0673326224732576
"luce",-0.00897705708088503,-0.00925194791612314,-0.0103468831096448,-0.00446498371693634,-0.0673326224732576,0.0619960067230018
"alpha",0.00251165096724353,0.000679673629998384,-0.000921150972788183,0.00133141132173124,0.0206073494241652,-0.00430663493921669
"beta",0.000679673629998384,0.00332932580721352,0.00174494933735233,-0.00024686728549595,-0.0278814231725831,-0.000970848594273787
"gamma",-0.000921150972788183,0.00174494933735233,0.00924629177425366,-0.00114897436511823,-0.0167227051886838,-0.00195909604321759
"delta",0.00133141132173124,-0.00024686728549595,-0.00114897436511823,0.00834373429529583,-0.0143068908874906,-0.00349796310852003
"lambda",0.0206073494241652,-0.0278814231725831,-0.0167227051886838,-0.0143068908874906,0.844390879805915,-0.0481147303647101
"luce",-0.00430663493921669,-0.000970848594273787,-0.00195909604321759,-0.00349796310852003,-0.0481147303647101,0.0376339162784986
"alpha",0.0385735145995225,-0.000644032587847817,-0.0111920662781396,0.000811566652449462,0.00658089690843544,-0.00703017092869123
"beta",-0.000644032587847817,0.00781130061968514,0.00677434783497077,-0.0011705751235151,-0.0248521812703726,-0.00434872269324928
"gamma",-0.0111920662781396,0.00677434783497077,0.0694035689761599,0.000459093692640273,0.00438391240457864,-0.012378157539635
"delta",0.000811566652449462,-0.0011705751235151,0.000459093692640273,0.000818037416783996,-0.0105863505422986,-0.00238410636168352
"lambda",0.00658089690843544,-0.0248521812703726,0.00438391240457864,-0.0105863505422986,1.1291261201377,-0.0484129985707184
"luce",-0.00703017092869123,-0.00434872269324928,-0.012378157539635,-0.00238410636168352,-0.0484129985707184,0.0778527355733652
"alpha",0.0402351586158574,0.00234519924888378,-0.0278398791837767,0.00180467899873391,0.0192430239050125,-0.000238217637920231
"beta",0.00234519924888378,0.00361528355958241,0.00200504204313926,-0.000469060619391061,-0.0133381683767804,-0.00375832102565064
"gamma",-0.0278398791837767,0.00200504204313926,0.064719892918719,-0.00394029641857665,-0.0347563442565577,-0.00779728330065863
"delta",0.00180467899873391,-0.000469060619391061,-0.00394029641857665,0.0114668787263644,-0.00517658418905138,-0.00185999241673082
"lambda",0.0192430239050125,-0.0133381683767804,-0.0347563442565577,-0.00517658418905138,0.391847191179266,-0.0120073824613031
"luce",-0.000238217637920231,-0.00375832102565064,-0.00779728330065863,-0.00185999241673082,-0.0120073824613031,0.0315156527903372
"alpha",0.00164184591372159,3.8510064927669e-05,0.000317724148711219,0.00100555309993604,0.00626460646057629,-0.00209300082775417
"beta",3.8510064927669e-05,0.00261806109771435,0.000792233947962069,-6.77668569656294e-05,-0.0287683313162867,0.000467168682058567
"gamma",0.000317724148711219,0.000792233947962069,0.0050742450210109,-0.000767798583223203,0.00400708152519078,-0.000294178549151139
"delta",0.00100555309993604,-6.77668569656294e-05,-0.000767798583223203,0.00457101906339617,-0.0364581323009122,0.000624443107661219
"lambda",0.00626460646057629,-0.0287683313162867,0.00400708152519078,-0.0364581323009122,0.890904521548131,-0.042369091717866
"luce",-0.00209300082775417,0.000467168682058567,-0.000294178549151139,0.000624443107661219,-0.042369091717866,0.0620398124009127
"alpha",0.0254002994980551,0.00440692214188374,-0.0106245272733088,0.00166056173964083,0.0136253155423368,-0.0114448698634174
"beta",0.00440692214188374,0.00801170712477177,0.00551369898665592,0.000432203972588313,-0.0334232869711219,-0.00859278141425407
"gamma",-0.0106245272733088,0.00551369898665592,0.0745089193771975,-0.0051345435408745,-0.075250168454484,-0.00931147421360706
"delta",0.00166056173964083,0.000432203972588313,-0.0051345435408745,0.0150378341875409,-0.00364353848562298,-0.006523901617298
"lambda",0.0136253155423368,-0.0334232869711219,-0.075250168454484,-0.00364353848562298,0.960506530232412,-0.0898563575762817
"luce",-0.0114448698634174,-0.00859278141425407,-0.00931147421360706,-0.006523901617298,-0.0898563575762817,0.0672427857421039
"alpha",0.0108823603202572,0.000295588331536604,-0.00646257909468544,0.000750573421162398,0.0279619811701392,-0.00582920041162281
"beta",0.000295588331536604,0.0034066679558407,0.00108553793549494,0.000216767047744774,-0.0288780068353646,-0.0029927544988276
"gamma",-0.00646257909468544,0.00108553793549494,0.00958484886589746,7.81284762729506e-05,0.0042829375237739,-0.00586331364420349
"delta",0.000750573421162398,0.000216767047744774,7.81284762729506e-05,0.000760672119738444,-0.00570344723302644,-0.00114389075803001
"lambda",0.0279619811701392,-0.0288780068353646,0.0042829375237739,-0.00570344723302644,0.997140652310099,-0.106891552254925
"luce",-0.00582920041162281,-0.0029927544988276,-0.00586331364420349,-0.00114389075803001,-0.106891552254925,0.0768042331930258
"alpha",0.059863315209692,-0.000333699105612578,-0.0288645184210943,0.000270760264805904,0.00312821882984673,6.77057324076015e-05
"beta",-0.000333699105612578,0.00157136190176902,0.00212138078561829,-4.33610387169525e-05,-0.00246365565652509,-0.000834690405400026
"gamma",-0.0288645184210943,0.00212138078561829,0.0778291550716295,0.000271225963547485,0.0154947410247964,-0.00919596098139626
"delta",0.000270760264805904,-4.33610387169525e-05,0.000271225963547485,0.000812902084490056,-0.00292406537700995,-0.000946796280556132
"lambda",0.00312821882984673,-0.00246365565652509,0.0154947410247964,-0.00292406537700995,0.906266566693199,-0.103176287806262
"luce",6.77057324076015e-05,-0.000834690405400026,-0.00919596098139626,-0.000946796280556132,-0.103176287806262,0.0737345666950795
"alpha",0.0376213693856491,-0.000483831753419876,-0.0240030383362629,0.00600614230166377,0.0286962186919455,-0.00682369903679272
"beta",-0.000483831753419876,0.0139291216584599,0.00595036109878223,-0.00609686268001797,-0.0409643176045744,-0.00519106076691193
"gamma",-0.0240030383362629,0.00595036109878223,0.0499241753038372,-0.00845482465423844,-0.0434882171502322,-0.00620121294660113
"delta",0.00600614230166377,-0.00609686268001797,-0.00845482465423844,0.0196782130806177,-0.0169857155212855,-0.0106728721402426
"lambda",0.0286962186919455,-0.0409643176045744,-0.0434882171502322,-0.0169857155212855,1.19061680905828,-0.0324730242258434
"luce",-0.00682369903679272,-0.00519106076691193,-0.00620121294660113,-0.0106728721402426,-0.0324730242258434,0.0797050743144757
"alpha",0.0731169697337541,-0.00526844813404015,-0.0332492245696074,0.00185153077829239,-0.00586584587349313,0.00536037892743851
"beta",-0.00526844813404015,0.061303807428437,0.00837650105098132,-0.0122179973449203,-0.0365265936576298,-0.00811095689694338
"gamma",-0.0332492245696074,0.00837650105098132,0.0618979344653015,-0.00220499194843697,0.00761313081014611,-0.0141671599908411
"delta",0.00185153077829239,-0.0122179973449203,-0.00220499194843697,0.00905116683400647,-0.0152954798242143,-0.0020200005485318
