"","beta","delta","lambdaluce"
"",0,0,0
"beta",0.00768385943377649,-0.00308168132265564,-0.0280313378802828
"delta",-0.00308168132265564,0.00573045616317599,0.0181258080193618
"lambdaluce",-0.0280313378802828,0.0181258080193618,2.07481446728133
"beta",0.00611267065173063,-0.000435782936493017,-0.0620737448992799
"delta",-0.000435782936493017,0.00307156730875727,0.00955195597203709
"lambdaluce",-0.0620737448992799,0.00955195597203709,0.983341811443684
"beta",0.00611817716997357,-0.00122713215728366,-0.0280421496809682
"delta",-0.00122713215728366,0.00310009445773445,0.0238897547038004
"lambdaluce",-0.0280421496809682,0.0238897547038004,1.64526547912728
"beta",0.00914070927761783,0.000490721893566464,-0.0436029545761764
"delta",0.000490721893566464,0.00546185354809568,0.00321260983424656
"lambdaluce",-0.0436029545761764,0.00321260983424656,0.302233107657515
"beta",0.00698032767152435,-0.00310092733916133,-0.0790520408749121
"delta",-0.00310092733916133,0.0087748021377155,0.0381098230138242
"lambdaluce",-0.0790520408749121,0.0381098230138242,1.33913897966872
"beta",0.00941895827744833,-0.0018916649630601,-0.111068422175291
"delta",-0.0018916649630601,0.00226235710972711,0.0424141680054377
"lambdaluce",-0.111068422175291,0.0424141680054377,2.07349110596774
"beta",0.00608425418852334,0.00111635302064634,-0.0204754100889848
"delta",0.00111635302064634,0.0100198718234734,0.00895966312137299
"lambdaluce",-0.0204754100889848,0.00895966312137299,0.144051340865821
"beta",0.008973501721582,-0.000462887506357152,-0.0290976822538847
"delta",-0.000462887506357152,0.0169952854777674,0.0050303939636542
"lambdaluce",-0.0290976822538847,0.0050303939636542,0.18181873049136
"beta",0.0193746835680995,-4.68479071349271e-05,-0.112330448633024
"delta",-4.68479071349271e-05,0.00309196027183801,-0.000940506412339756
"lambdaluce",-0.112330448633024,-0.000940506412339756,0.976855594876051
"beta",0.0612389191384872,-0.00375464345809012,-0.0988166880305925
"delta",-0.00375464345809012,0.00242282440406927,-0.00320221294262329
"lambdaluce",-0.0988166880305925,-0.00320221294262329,2.03534521647785
"beta",0.0507123704558107,-0.00842051312672129,-0.137244718582949
"delta",-0.00842051312672129,0.00287701396244861,-0.00511320232952845
"lambdaluce",-0.137244718582949,-0.00511320232952845,2.27611227860388
"beta",0.0399683412562198,-0.00604135212287418,-0.0804387168718061
"delta",-0.00604135212287418,0.00425609154649839,0.00607550810536635
"lambdaluce",-0.0804387168718061,0.00607550810536635,1.99568049936659
"beta",0.00663374457691361,-0.00263777421716115,-0.0835519933834778
"delta",-0.00263777421716115,0.0063516777934645,0.0508459290661556
"lambdaluce",-0.0835519933834778,0.0508459290661556,1.83175963578294
"beta",0.0104490691718102,-0.00100696290294566,-0.0886899981410746
"delta",-0.00100696290294566,0.00276466223597311,0.0247825615237892
"lambdaluce",-0.0886899981410746,0.0247825615237892,1.08315865691743
"beta",0.0085306841410543,-0.00351923339112288,-0.0889862141056149
"delta",-0.00351923339112288,0.00794808830556702,0.0377235005191072
"lambdaluce",-0.0889862141056149,0.0377235005191072,1.81226830822488
"beta",0.00847835108112725,-0.00054250043883686,-0.049840055681691
"delta",-0.00054250043883686,0.00341423761933916,0.0097242735969474
"lambdaluce",-0.049840055681691,0.0097242735969474,0.446561360083308
"beta",0.00410080337133063,-0.00232984477810285,-0.042038700107562
"delta",-0.00232984477810285,0.00427003911127333,0.0463002049671365
"lambdaluce",-0.042038700107562,0.0463002049671365,1.93197227018763
"beta",0.00674849305681137,-0.00109476043428461,-0.0313616869916659
"delta",-0.00109476043428461,0.00307179001726411,0.0208140316204888
"lambdaluce",-0.0313616869916659,0.0208140316204888,1.69600157491112
"beta",0.00941339811958901,-0.00364534594441443,-0.115469276153809
"delta",-0.00364534594441443,0.00215458283130874,0.0481613608109365
"lambdaluce",-0.115469276153809,0.0481613608109365,2.15508583359209
"beta",0.0624228535366829,-0.00864093857523696,-0.0991362399872616
"delta",-0.00864093857523696,0.00409983835273186,-0.000788182209102101
"lambdaluce",-0.0991362399872616,-0.000788182209102101,2.08369893748153
"beta",0.00178224587286146,-0.000491346820256024,-0.00861814671314675
"delta",-0.000491346820256024,0.000419695970902962,0.00237420498656624
"lambdaluce",-0.00861814671314675,0.00237420498656624,2.12874759950606
"beta",0.0252083557443634,-0.00468543419904231,-0.149166580597663
"delta",-0.00468543419904231,0.00172215754694748,0.0439446566691973
"lambdaluce",-0.149166580597663,0.0439446566691973,1.90515311895094
"beta",0.0180295411881984,-0.00487489852663984,-0.066462671255509
"delta",-0.00487489852663984,0.00149919441915504,0.0172282005809634
"lambdaluce",-0.066462671255509,0.0172282005809634,2.11715689080271
"beta",0.060595208933612,-0.00286988097287068,-0.102651210864583
"delta",-0.00286988097287068,0.00235889992396341,-0.00399987507224822
"lambdaluce",-0.102651210864583,-0.00399987507224822,2.22463144490927
"beta",0.0399847566271709,-0.0065875918026035,-0.0935039821935704
"delta",-0.0065875918026035,0.0036220187663013,0.0124357412387662
"lambdaluce",-0.0935039821935704,0.0124357412387662,2.29954683242119
"beta",0.0071263168327737,-0.000680785167632612,-0.0592859951707499
"delta",-0.000680785167632612,0.00233498683044899,0.0152249912557189
"lambdaluce",-0.0592859951707499,0.0152249912557189,0.721710752353743
"beta",0.0167525019957232,-0.00453115496863058,-0.055555981971179
"delta",-0.00453115496863058,0.00141084855644939,0.0137843308866957
"lambdaluce",-0.055555981971179,0.0137843308866957,2.05167786699422
"beta",0.0597532769792829,-0.00621674283424324,-0.0972832798140742
"delta",-0.00621674283424324,0.00292551164397283,-0.00898622311394224
"lambdaluce",-0.0972832798140742,-0.00898622311394224,2.09894953560422
"beta",0.0117132426375643,-0.000736252917926861,-0.116868439938796
"delta",-0.000736252917926861,0.00158177216179531,0.00727157384776673
"lambdaluce",-0.116868439938796,0.00727157384776673,1.61335197958398
"beta",0.0404175998413417,-0.00722565844158809,-0.0989792130475756
"delta",-0.00722565844158809,0.00371672921915224,0.0132231106922667
"lambdaluce",-0.0989792130475756,0.0132231106922667,2.13614005665751
"beta",0.00779911221501791,-0.00212165975890957,-0.0505606824532971
"delta",-0.00212165975890957,0.00949686731972629,0.0183323006856546
"lambdaluce",-0.0505606824532971,0.0183323006856546,0.486582793544012
"beta",0.0417851584277564,-0.00551045689826394,-0.0564167055534801
"delta",-0.00551045689826394,0.00122938965546056,0.0215712697474256
"lambdaluce",-0.0564167055534801,0.0215712697474256,2.34680036295018
"beta",0.00682801382585926,-0.0029404695245524,-0.0312401822828672
"delta",-0.0029404695245524,0.00581680005712743,0.0123493192577054
"lambdaluce",-0.0312401822828672,0.0123493192577054,1.99985494644891
"beta",0.040333074302413,-0.00709705611678565,-0.0887514892803985
"delta",-0.00709705611678565,0.00369346190236894,0.00835440602816436
"lambdaluce",-0.0887514892803985,0.00835440602816436,2.21819884943232
"beta",0.00710527072000145,-0.00262689526809931,-0.0170744250792249
"delta",-0.00262689526809931,0.00635141162176974,0.0181492941692776
"lambdaluce",-0.0170744250792249,0.0181492941692776,2.19736629471392
"beta",0.00633987412563515,-0.00145285490763232,-0.0598045090477609
"delta",-0.00145285490763232,0.00967584839047864,0.0351819079342155
"lambdaluce",-0.0598045090477609,0.0351819079342155,1.02178213912726
"beta",0.00808827165736203,-6.2621231836846e-05,-0.0440506699470605
"delta",-6.2621231836846e-05,0.0051337800728697,0.00622094530976499
"lambdaluce",-0.0440506699470605,0.00622094530976499,0.348829289983777
"beta",0.0113546810097221,-0.00586401847516555,-0.0163933828199122
"delta",-0.00586401847516555,0.00567287711106841,-0.0113693152212843
"lambdaluce",-0.0163933828199122,-0.0113693152212843,1.79179002349386
"beta",0.0643984653238176,-0.00201172905534042,-0.0861282756841107
"delta",-0.00201172905534042,0.00134399304932395,-0.00427075182604739
"lambdaluce",-0.0861282756841107,-0.00427075182604739,2.23818416653593
"beta",0.00825614517239424,-0.00431148001392612,-0.0177850299406206
"delta",-0.00431148001392612,0.00429899512960075,-0.00326784274043966
"lambdaluce",-0.0177850299406206,-0.00326784274043966,1.9714927981345
"beta",0.0057431135156221,-0.00278301188158938,-0.0489916218651738
"delta",-0.00278301188158938,0.00414402700677953,0.0168574446013112
"lambdaluce",-0.0489916218651738,0.0168574446013112,1.10541765242476
"beta",0.00846742621400295,-0.00116048619985701,-0.100726484858025
"delta",-0.00116048619985701,0.00230280009799886,0.0319266513019074
"lambdaluce",-0.100726484858025,0.0319266513019074,1.83986502613845
"beta",0.00740351773743902,-0.00207930389642568,-0.049020709643042
"delta",-0.00207930389642568,0.0113778346433028,0.0200685963047114
"lambdaluce",-0.049020709643042,0.0200685963047114,0.5095561710706
"beta",0.00982324406340202,-0.00294648145759517,-0.0777955441775552
"delta",-0.00294648145759517,0.00173110766315843,0.0298764748127475
"lambdaluce",-0.0777955441775552,0.0298764748127475,0.933299136206113
"beta",0.0418598700967459,-0.00686286195665014,-0.113697732706163
"delta",-0.00686286195665014,0.00366017781025634,0.0126327158949744
"lambdaluce",-0.113697732706163,0.0126327158949744,2.21800658892018
"beta",0.00566747332339137,-0.0029632208305842,-0.0821342022927594
"delta",-0.0029632208305842,0.00579312668751321,0.0522921946490246
"lambdaluce",-0.0821342022927594,0.0522921946490246,1.80287628031027
"beta",0.0430996933631225,-0.00762701587289195,-0.0909957411813076
"delta",-0.00762701587289195,0.00408186774734811,0.00978580041461089
"lambdaluce",-0.0909957411813076,0.00978580041461089,2.20765297639679
"beta",0.00634727056194843,-0.00125832461284555,-0.0701808751867284
"delta",-0.00125832461284555,0.00523287517019846,0.0203383531979428
"lambdaluce",-0.0701808751867284,0.0203383531979428,1.26951288346064
"beta",0.0420691502619589,-0.00690243802338886,-0.097604116031079
"delta",-0.00690243802338886,0.00375942001568835,0.00987744873284513
"lambdaluce",-0.097604116031079,0.00987744873284513,2.22826338897232
"beta",0.001421556172811,-0.000411287108603781,-0.0106717879831712
"delta",-0.000411287108603781,0.000364521657551203,0.00462356911113446
"lambdaluce",-0.0106717879831712,0.00462356911113446,2.16449957126042
"beta",0.014488428733185,-0.00149880533464829,-0.0971831156144999
"delta",-0.00149880533464829,0.00174923292211491,0.0127879044094269
"lambdaluce",-0.0971831156144999,0.0127879044094269,0.819856972958028
"beta",0.0189109799929469,-0.000554450912910054,-0.123528185894651
"delta",-0.000554450912910054,0.00498920802369803,0.00758196191599705
"lambdaluce",-0.123528185894651,0.00758196191599705,1.20156353833627
"beta",0.0158777818663598,-0.00527350876246114,-0.109854031042042
"delta",-0.00527350876246114,0.00220117807186834,0.0397511810616366
"lambdaluce",-0.109854031042042,0.0397511810616366,2.23798118060775
"beta",0.00589157156817801,0.00036462388220547,-0.0233308004861219
"delta",0.00036462388220547,0.00799613613145732,0.00744809472016239
"lambdaluce",-0.0233308004861219,0.00744809472016239,0.163610173193841
"beta",0.0574225279991207,-0.00989898794803721,-0.139418881995971
"delta",-0.00989898794803721,0.0028288473754311,-0.00332337455123037
"lambdaluce",-0.139418881995971,-0.00332337455123037,2.23231821825808
"beta",0.0653228034728818,-0.00406031677561744,-0.0994362218014921
"delta",-0.00406031677561744,0.00265234961007471,-0.004478821258482
"lambdaluce",-0.0994362218014921,-0.004478821258482,2.11393766774663
"beta",0.0298894346328667,-0.00436032157194732,-0.1807140895588
"delta",-0.00436032157194732,0.00201779581474335,0.0458071492014843
"lambdaluce",-0.1807140895588,0.0458071492014843,2.13227335955955
"beta",0.00488369097439148,-0.00189119357214703,-0.0763717771107037
"delta",-0.00189119357214703,0.0036295642605464,0.0423616865425324
"lambdaluce",-0.0763717771107037,0.0423616865425324,1.81712985034676
"beta",0.0103740506280256,-0.00379720682165817,-0.0772858439907933
"delta",-0.00379720682165817,0.00155488873706649,0.0284751899374182
"lambdaluce",-0.0772858439907933,0.0284751899374182,2.20524106436883
"beta",0.00705123798200239,-0.00283905458210527,-0.0310338776833051
"delta",-0.00283905458210527,0.00561349392502408,0.0154108566920149
"lambdaluce",-0.0310338776833051,0.0154108566920149,2.17841087242277
"beta",0.00886089615763027,-0.00305286781469981,-0.0219957473731258
"delta",-0.00305286781469981,0.00613963871927749,0.00658903573789348
"lambdaluce",-0.0219957473731258,0.00658903573789348,2.27602897338123
"beta",0.041341243932345,-0.00613016231891673,-0.0903463337003567
"delta",-0.00613016231891673,0.00393965594577949,0.00741480700283935
"lambdaluce",-0.0903463337003567,0.00741480700283935,2.17414107043724
"beta",0.0383766362726859,-0.00668388847814742,-0.105601130874853
"delta",-0.00668388847814742,0.00377821930475742,0.0129297284663743
"lambdaluce",-0.105601130874853,0.0129297284663743,2.2050670576097
"beta",0.00735663008700394,-0.00153839682214342,0.0151139060368608
"delta",-0.00153839682214342,0.000554474602643122,-0.00381425548751795
"lambdaluce",0.0151139060368608,-0.00381425548751795,1.46414206727189
"beta",0.0135549668657842,-0.00134690851532765,-0.124694801952342
"delta",-0.00134690851532765,0.00280404408495009,0.0348896082228612
"lambdaluce",-0.124694801952342,0.0348896082228612,1.79256283963489
"beta",0.00550522556696964,-0.00189243619974804,-0.0403374101691502
"delta",-0.00189243619974804,0.0137709479632304,0.0210946988601168
"lambdaluce",-0.0403374101691502,0.0210946988601168,0.624580033027374
"beta",0.0238320016783911,-0.00206888293399688,-0.172443631285902
"delta",-0.00206888293399688,0.00149584379315877,0.011751574318133
"lambdaluce",-0.172443631285902,0.011751574318133,1.61509304850675
"beta",0.0058590698379231,-0.00281667914176289,-0.0781297485905927
"delta",-0.00281667914176289,0.00570264024563034,0.041737881667318
"lambdaluce",-0.0781297485905927,0.041737881667318,1.82274775845528
"beta",0.00554351600768408,-0.00360545633541453,-0.0861018644111523
"delta",-0.00360545633541453,0.00520115077705332,0.064421081718136
"lambdaluce",-0.0861018644111523,0.064421081718136,2.00627938269524
"beta",0.00635847057249857,-0.00251305875845698,-0.0219571272310356
"delta",-0.00251305875845698,0.0018022888315391,0.00925575777244443
"lambdaluce",-0.0219571272310356,0.00925575777244443,2.00130708871226
"beta",0.00699117156943723,-0.000379665609642285,-0.0674168662551368
"delta",-0.000379665609642285,0.00221638581418641,0.0119141978845973
"lambdaluce",-0.0674168662551368,0.0119141978845973,0.964656449624302
"beta",0.0649211327223887,-0.00282616394732806,-0.0905661015936883
"delta",-0.00282616394732806,0.00165661285535828,-0.00174880874330403
"lambdaluce",-0.0905661015936883,-0.00174880874330403,2.12072511980153
"beta",0.0654847464859487,-0.00782346804388829,-0.103181106963365
"delta",-0.00782346804388829,0.00302404247720988,-0.00433971223665738
"lambdaluce",-0.103181106963365,-0.00433971223665738,2.17550334560202
"beta",0.00808582303792897,-0.00180997221345732,-0.0656510960085327
"delta",-0.00180997221345732,0.00981672230628473,0.0154894761580657
"lambdaluce",-0.0656510960085327,0.0154894761580657,0.821765835826126
"beta",0.0689377488047343,-0.00337861306023039,-0.0945305024090288
"delta",-0.00337861306023039,0.0020978441100561,-0.004731868369021
"lambdaluce",-0.0945305024090288,-0.004731868369021,2.13433641490589
"beta",0.00784530023558941,-0.00261109546119904,-0.0904196354758731
"delta",-0.00261109546119904,0.00225346773604497,0.0388223184439915
"lambdaluce",-0.0904196354758731,0.0388223184439915,1.5347992670685
"beta",0.0510409006102164,-0.010030729807721,-0.15386842361678
"delta",-0.010030729807721,0.00337398368277421,0.00115426213615077
"lambdaluce",-0.15386842361678,0.00115426213615077,2.17296090332504
"beta",0.00501502126914875,-0.00229769661058117,-0.066923134551737
"delta",-0.00229769661058117,0.0108785778302061,0.0483187114673601
"lambdaluce",-0.066923134551737,0.0483187114673601,1.6674112968938
"beta",0.00535268409712082,-0.00200631785002192,-0.0746766060257701
"delta",-0.00200631785002192,0.00715424854461255,0.0401794227995318
"lambdaluce",-0.0746766060257701,0.0401794227995318,1.8688801159766
"beta",0.0614544112095987,-0.00330456265173802,-0.0867037229758772
"delta",-0.00330456265173802,0.00252707148956899,-0.00797461181347473
"lambdaluce",-0.0867037229758772,-0.00797461181347473,2.07693361086872
"beta",0.029144288948026,-0.00392372884129113,-0.182471711732258
"delta",-0.00392372884129113,0.00201316921215149,0.0457607885937216
"lambdaluce",-0.182471711732258,0.0457607885937216,2.30292699721667
"beta",0.0107870409306783,-0.00349111687586948,-0.118026150349073
"delta",-0.00349111687586948,0.00196820081619979,0.0489370161976035
"lambdaluce",-0.118026150349073,0.0489370161976035,2.03361197318777
"beta",0.0646482038140749,-0.00309352774687412,-0.109932638933273
"delta",-0.00309352774687412,0.00205321730593644,-0.00140015590511585
"lambdaluce",-0.109932638933273,-0.00140015590511585,2.11784099202363
"beta",0.0608977266605404,-0.00577744589899443,-0.0872900155712077
"delta",-0.00577744589899443,0.00349273768694144,-0.00827888409920315
"lambdaluce",-0.0872900155712077,-0.00827888409920315,2.12144105636103
"beta",0.060977797103685,-0.00228662437338486,-0.0699785006989079
"delta",-0.00228662437338486,0.00159499111146579,-0.00605721725693703
"lambdaluce",-0.0699785006989079,-0.00605721725693703,2.19092064876257
"beta",0.00654978686327836,-0.00239214387982557,-0.0208039717880999
"delta",-0.00239214387982557,0.00559999982740158,0.00959659541810873
"lambdaluce",-0.0208039717880999,0.00959659541810873,1.97722981739464
"beta",0.00690859921625239,-0.000757232704786006,-0.040297634026886
"delta",-0.000757232704786006,0.00444021554621435,0.0068605827507974
"lambdaluce",-0.040297634026886,0.0068605827507974,0.34533429751456
"beta",0.0249203099446316,-0.00600819747322453,-0.118530688941511
"delta",-0.00600819747322453,0.00160926248034625,0.0321559252666807
"lambdaluce",-0.118530688941511,0.0321559252666807,2.0995307751865
"beta",0.013335898602902,-0.000912266691383519,-0.115677112386832
"delta",-0.000912266691383519,0.00198308774590488,0.0161216079445401
"lambdaluce",-0.115677112386832,0.0161216079445401,1.31559400639102
"beta",0.00518028066366739,-0.00124941983065615,-0.0159929315623281
"delta",-0.00124941983065615,0.000562520495901557,0.0100551320271314
"lambdaluce",-0.0159929315623281,0.0100551320271314,1.67850961121068
"beta",0.0069526234058128,-0.00216987394275926,-0.0720701643538643
"delta",-0.00216987394275926,0.00887169097272542,0.0315083820138839
"lambdaluce",-0.0720701643538643,0.0315083820138839,1.25083474780337
"beta",0.00679620576759333,-0.00232488544803811,-0.076112491665826
"delta",-0.00232488544803811,0.00751542210583663,0.0313792130784706
"lambdaluce",-0.076112491665826,0.0313792130784706,1.28904593673577
"beta",0.00699541141713883,-0.00295896373047972,-0.0257820611935718
"delta",-0.00295896373047972,0.00579717836900382,0.016882118944826
"lambdaluce",-0.0257820611935718,0.016882118944826,2.19533616860976
"beta",0.0110279376458732,-0.00609967216623999,-0.0638804382045118
"delta",-0.00609967216623999,0.00530542853961829,0.0350249708188276
"lambdaluce",-0.0638804382045118,0.0350249708188276,0.978523027288428
"beta",0.060335269356515,-0.00399768243664444,-0.0807137520569844
"delta",-0.00399768243664444,0.002691555396691,-0.0065977043186451
"lambdaluce",-0.0807137520569844,-0.0065977043186451,2.2115116031188
"beta",0.00515277466401002,-0.0007569103793426,-0.0629644444194083
"delta",-0.0007569103793426,0.00555871307656338,0.0167266595764761
"lambdaluce",-0.0629644444194083,0.0167266595764761,1.40814210033488
"beta",0.0597900496877035,-0.00239368382707783,-0.0817300898912407
"delta",-0.00239368382707783,0.00146704949878016,-0.00429636047078573
"lambdaluce",-0.0817300898912407,-0.00429636047078573,2.12028983078352
"beta",0.0604064809231824,-0.00414910557925566,-0.0852447442438982
"delta",-0.00414910557925566,0.00242846709491242,-0.00656503382974223
"lambdaluce",-0.0852447442438982,-0.00656503382974223,2.12857236778986
"beta",0.0066460591200356,-0.00291952229621428,-0.0266904039880254
"delta",-0.00291952229621428,0.00550564268468038,0.0153518455968593
"lambdaluce",-0.0266904039880254,0.0153518455968593,2.0093685039694
"beta",0.0148465077536367,-0.00317375940419893,-0.0708799637321351
"delta",-0.00317375940419893,0.000890972038353538,0.0158905885847449
"lambdaluce",-0.0708799637321351,0.0158905885847449,2.10180643372566
"beta",0.00793585979946721,-0.00188387048709144,-0.0462590008370747
"delta",-0.00188387048709144,0.00065958453448602,0.0137093223329422
"lambdaluce",-0.0462590008370747,0.0137093223329422,1.88930781200485
"beta",0.00692710972176707,-0.00145310149488866,-0.00153904508035842
"delta",-0.00145310149488866,0.000539005200889044,0.00468835180080113
"lambdaluce",-0.00153904508035842,0.00468835180080113,1.05527922732052
"beta",0.0662587152257151,-0.00327714678289339,-0.101247961271115
"delta",-0.00327714678289339,0.00190885386324877,0.000184901208324359
"lambdaluce",-0.101247961271115,0.000184901208324359,2.1631503933304
"beta",0.0412901385949381,-0.00736804038045931,-0.111683876805186
"delta",-0.00736804038045931,0.00402311298052101,0.0120930585651309
"lambdaluce",-0.111683876805186,0.0120930585651309,2.22931821250218
"beta",0.0621753065815989,-0.00337122927343926,-0.0939227186501593
"delta",-0.00337122927343926,0.00218243657828476,-0.00430366112661575
"lambdaluce",-0.0939227186501593,-0.00430366112661575,1.99944151620922
"beta",0.00737465533485091,-0.00272026905210389,-0.0221692512774528
"delta",-0.00272026905210389,0.00578207110709894,0.00537993078310193
"lambdaluce",-0.0221692512774528,0.00537993078310193,2.20424349789775
"beta",0.0655168857783777,-0.00348035999595544,-0.119898387896938
"delta",-0.00348035999595544,0.00243480426687268,-0.00236125031939388
"lambdaluce",-0.119898387896938,-0.00236125031939388,2.16845211697672
"beta",0.0618144625029849,-0.00437427958396083,-0.0733509903289637
"delta",-0.00437427958396083,0.00297299919970665,-0.00590825555300862
"lambdaluce",-0.0733509903289637,-0.00590825555300862,2.08928356625416
"beta",0.00909514738968243,-0.00146500329923793,-0.0410260541298747
"delta",-0.00146500329923793,0.0176108117441136,0.00740895326717913
"lambdaluce",-0.0410260541298747,0.00740895326717913,0.305276831893699
"beta",0.0212882765793184,-0.00612330182224676,-0.094035858775297
"delta",-0.00612330182224676,0.00188957394983647,0.0240535443283138
"lambdaluce",-0.094035858775297,0.0240535443283138,1.9908200922703
"beta",0.0660849670739738,-0.00327160769922286,-0.0849071687925138
"delta",-0.00327160769922286,0.00177091454613813,-0.00147023990692903
"lambdaluce",-0.0849071687925138,-0.00147023990692903,2.1901784297031
"beta",0.00459912904386846,-0.000813137110447754,-0.059978969675271
"delta",-0.000813137110447754,0.00549702826567296,0.03649319216414
"lambdaluce",-0.059978969675271,0.03649319216414,1.70932443721148
"beta",0.00464160496367718,-0.0020602440314784,-0.0565355276368236
"delta",-0.0020602440314784,0.0114196102061368,0.0449803821642339
"lambdaluce",-0.0565355276368236,0.0449803821642339,1.52538288155446
"beta",0.00451863811426721,-0.00112683013730861,-0.0500823134551294
"delta",-0.00112683013730861,0.00437867982398607,0.0238924322140383
"lambdaluce",-0.0500823134551294,0.0238924322140383,1.04369446141211
"beta",0.0406676602354928,-0.00714795855692574,-0.107747921285501
"delta",-0.00714795855692574,0.00404022282860628,0.0151753128602274
"lambdaluce",-0.107747921285501,0.0151753128602274,2.20198095551904
"beta",0.00981063721546156,-0.00177288868495719,-0.100720584161707
"delta",-0.00177288868495719,0.00229346676818487,0.0327928413598667
"lambdaluce",-0.100720584161707,0.0327928413598667,1.48755660132098
"beta",0.0200758364196957,-0.00550796078627636,-0.144311050112651
"delta",-0.00550796078627636,0.00163309825006141,0.0416845332643697
"lambdaluce",-0.144311050112651,0.0416845332643697,2.10818061930493
"beta",0.00492066029648012,-0.00187725849526416,-0.0659690609124556
"delta",-0.00187725849526416,0.00902528988117399,0.0433814513650013
"lambdaluce",-0.0659690609124556,0.0433814513650013,1.66537449967071
"beta",0.00520988305424133,-0.00193983293097229,-0.0613314661377452
"delta",-0.00193983293097229,0.00438102908182324,0.0412611019881113
"lambdaluce",-0.0613314661377452,0.0412611019881113,1.8781980401791
"beta",0.00715480854103826,-0.000516344838216803,-0.0627913594464236
"delta",-0.000516344838216803,0.00820536420244906,0.0132954390880419
"lambdaluce",-0.0627913594464236,0.0132954390880419,0.963385226469794
"beta",0.0607406831614911,-0.00673312598006858,-0.119358750484569
"delta",-0.00673312598006858,0.00337776389505436,-0.00841075591170585
"lambdaluce",-0.119358750484569,-0.00841075591170585,2.11437286025971
"beta",0.0368165555586258,-0.00580111929853683,-0.0780654090837418
"delta",-0.00580111929853683,0.00367943282647668,0.0084868370746641
"lambdaluce",-0.0780654090837418,0.0084868370746641,2.30138992864731
"beta",0.0307603060296612,-0.00617589899358712,-0.0543485068068143
"delta",-0.00617589899358712,0.0015018126908945,0.0178706443353485
"lambdaluce",-0.0543485068068143,0.0178706443353485,2.29478500055578
"beta",0.00737869752133592,-0.00115696888919028,-0.0256114486013443
"delta",-0.00115696888919028,0.00305939059033137,0.0213213305129145
"lambdaluce",-0.0256114486013443,0.0213213305129145,1.69555173915466
"beta",0.0204234275915752,-0.00583402811060705,-0.135867845659591
"delta",-0.00583402811060705,0.00180467022041786,0.0357748046502787
"lambdaluce",-0.135867845659591,0.0357748046502787,2.01963073602693
"beta",0.00570523308145938,-0.00123061841858226,-0.0536238647991582
"delta",-0.00123061841858226,0.00567408562386095,0.0159126494961028
"lambdaluce",-0.0536238647991582,0.0159126494961028,0.784930610445005
"beta",0.0388955498678561,-0.0061170621070853,-0.0873519176064654
"delta",-0.0061170621070853,0.00360195690794719,0.00791970781377782
"lambdaluce",-0.0873519176064654,0.00791970781377782,2.12598183467953
"beta",0.0490416997520675,-0.00995124399467865,-0.13805781969768
"delta",-0.00995124399467865,0.00340705449122252,-0.00239423740371504
"lambdaluce",-0.13805781969768,-0.00239423740371504,2.22291919557925
"beta",0.00872063084386723,-0.00320392080445882,-0.0261993028116007
"delta",-0.00320392080445882,0.00677741874733537,0.0201387186805144
"lambdaluce",-0.0261993028116007,0.0201387186805144,2.14349862463295
"beta",0.00358326395891943,-1.1244438626317e-05,-0.0377208280137669
"delta",-1.1244438626317e-05,0.00800066980411467,0.00913996594782022
"lambdaluce",-0.0377208280137669,0.00913996594782022,0.951034469545681
"beta",0.00757009422345251,-0.00249604373805149,-0.0915808803580904
"delta",-0.00249604373805149,0.00265086251769981,0.0413194051714154
"lambdaluce",-0.0915808803580904,0.0413194051714154,1.66769055038858
"beta",0.0132372742879922,-0.00441070224156977,-0.0392322283463087
"delta",-0.00441070224156977,0.00168280405575192,0.00805562201608502
"lambdaluce",-0.0392322283463087,0.00805562201608502,1.97336720205605
"beta",0.0356111877660123,-0.00507957548265405,-0.167664289010765
"delta",-0.00507957548265405,0.00183605722965404,0.0413539594182718
"lambdaluce",-0.167664289010765,0.0413539594182718,2.08041133636836
"beta",0.00798203383270432,-0.00144452957446355,-0.104109147828152
"delta",-0.00144452957446355,0.00458868889693019,0.0267733794569701
"lambdaluce",-0.104109147828152,0.0267733794569701,1.96106800134605
"beta",0.00304893505332865,-0.00287819557136787,-0.0156536580477328
"delta",-0.00287819557136787,0.0052311071258659,0.00843802694147897
"lambdaluce",-0.0156536580477328,0.00843802694147897,1.75485883430935
"beta",0.0114467285541694,-0.000407905969323225,-0.0947268646175531
"delta",-0.000407905969323225,0.0047900871692081,0.00898881348593997
"lambdaluce",-0.0947268646175531,0.00898881348593997,1.2488396656018
"beta",0.0645672864345546,-0.00251513443548919,-0.0916177892356587
"delta",-0.00251513443548919,0.00172790884941551,-0.00539498671855916
"lambdaluce",-0.0916177892356587,-0.00539498671855916,2.21016300648548
"beta",0.0221035554039714,-0.00228495515780083,-0.176902726567557
"delta",-0.00228495515780083,0.00150056843174238,0.0175481200126082
"lambdaluce",-0.176902726567557,0.0175481200126082,1.83063531704987
"beta",0.00609286678638327,-0.00222880575143377,-0.0634730674427549
"delta",-0.00222880575143377,0.00440322579056716,0.0317184114791872
"lambdaluce",-0.0634730674427549,0.0317184114791872,1.89565805797406
"beta",0.00877392427176284,-0.00232510983396438,-0.0955456680116303
"delta",-0.00232510983396438,0.00138204398595905,0.0289753022879863
"lambdaluce",-0.0955456680116303,0.0289753022879863,1.73767281017334
"beta",0.00419127266992975,-0.000829075668073985,-0.064959364631701
"delta",-0.000829075668073985,0.0068836347303976,0.0228412247165328
"lambdaluce",-0.064959364631701,0.0228412247165328,1.90644882781033
"beta",0.0589538223524166,-0.00666294093550726,-0.118435130863128
"delta",-0.00666294093550726,0.0029358168281365,-0.00298253385885257
"lambdaluce",-0.118435130863128,-0.00298253385885257,2.26317079859514
"beta",0.0073755221676449,-0.00227063422313099,-0.0942001655482389
"delta",-0.00227063422313099,0.00144364469064441,0.034661715932795
"lambdaluce",-0.0942001655482389,0.034661715932795,2.08319477413831
"beta",0.0417074091759363,-0.00688745771935554,-0.105899365988781
"delta",-0.00688745771935554,0.00377069492694984,0.0124778362329221
"lambdaluce",-0.105899365988781,0.0124778362329221,2.19483874081097
"beta",0.0649264363016997,-0.00223805315085032,-0.0922418603819227
"delta",-0.00223805315085032,0.00167553951306388,-0.00243850087915866
"lambdaluce",-0.0922418603819227,-0.00243850087915866,2.29783554071663
"beta",0.00364870238821471,-0.000888435677724803,-0.0409220442067215
"delta",-0.000888435677724803,0.010285913605247,0.0191594208781728
"lambdaluce",-0.0409220442067215,0.0191594208781728,1.02322437201542
"beta",0.00799056740318563,-0.00267172881818375,-0.0974169133177205
"delta",-0.00267172881818375,0.00172276123926757,0.0362491733079597
"lambdaluce",-0.0974169133177205,0.0362491733079597,2.01019426472489
"beta",0.0399507572846457,-0.00721392939820596,-0.0974995452565607
"delta",-0.00721392939820596,0.00399645062344063,0.00639620402437904
"lambdaluce",-0.0974995452565607,0.00639620402437904,2.11853604207707
"beta",0.050216988662202,-0.0112775430372344,-0.15391501673496
"delta",-0.0112775430372344,0.00422557951593546,0.00660144990023546
"lambdaluce",-0.15391501673496,0.00660144990023546,2.11061650741002
"beta",0.0393514357164435,-0.00741777574085616,-0.0387439516674545
"delta",-0.00741777574085616,0.001671907640903,0.0162060553195048
"lambdaluce",-0.0387439516674545,0.0162060553195048,2.16096769962593
"beta",0.0643029519159506,-0.00535371583607591,-0.0864540117021405
"delta",-0.00535371583607591,0.00316633030742236,-0.00334494012230691
"lambdaluce",-0.0864540117021405,-0.00334494012230691,2.27009243723879
"beta",0.00744492790101808,-0.00204617931522348,-0.0762497751882752
"delta",-0.00204617931522348,0.00828981651548981,0.0309177884542093
"lambdaluce",-0.0762497751882752,0.0309177884542093,1.25376148240402
"beta",0.0139225891214699,-5.73814704193651e-05,-0.0711174443610445
"delta",-5.73814704193651e-05,0.00647070215905299,0.0110541732631046
"lambdaluce",-0.0711174443610445,0.0110541732631046,0.487365689563458
"beta",0.00705097429296035,-0.00367103035739915,-0.0341369079890826
"delta",-0.00367103035739915,0.0028989199379125,0.0204308433276383
"lambdaluce",-0.0341369079890826,0.0204308433276383,1.60198301065326
"beta",0.0397648997918295,-0.00675568121441877,-0.10223388891975
"delta",-0.00675568121441877,0.00376083168004086,0.0129056596171494
"lambdaluce",-0.10223388891975,0.0129056596171494,2.28238033717818
"beta",0.012323768899474,-0.00427363397523393,-0.0549723105765679
"delta",-0.00427363397523393,0.00176302491681958,0.0107740118153574
"lambdaluce",-0.0549723105765679,0.0107740118153574,2.08052793845609
"beta",0.0635335485205591,-0.00401053807471323,-0.100667019889272
"delta",-0.00401053807471323,0.00270040423600909,0.000759899736461968
"lambdaluce",-0.100667019889272,0.000759899736461968,2.31140155586873
"beta",0.0616973839974179,-0.00304228033743194,-0.104127438603049
"delta",-0.00304228033743194,0.00238289543372626,-0.00467339348212631
"lambdaluce",-0.104127438603049,-0.00467339348212631,2.13231095385193
"beta",0.0210371313693591,0.000249209017108304,-0.13356173273494
"delta",0.000249209017108304,0.00507418906583748,0.000887848978897639
"lambdaluce",-0.13356173273494,0.000887848978897639,1.22593585404526
"beta",0.021556605984773,-0.00317808494278088,-0.160337672747628
"delta",-0.00317808494278088,0.00219867741857708,0.0383886681889836
"lambdaluce",-0.160337672747628,0.0383886681889836,1.77059521574877
"beta",0.0621909412114763,-0.00385974157208046,-0.0886181829414338
"delta",-0.00385974157208046,0.00220571920472218,-0.006474968721299
"lambdaluce",-0.0886181829414338,-0.006474968721299,2.20864067113175
"beta",0.0222805156207579,-0.00599051225132642,-0.0610625386473833
"delta",-0.00599051225132642,0.0017047512922516,0.0128449890396229
"lambdaluce",-0.0610625386473833,0.0128449890396229,2.01962383689524
"beta",0.0219284643758613,-0.000840298146702412,-0.125454755107345
"delta",-0.000840298146702412,0.00293129849353263,0.0045093034598873
"lambdaluce",-0.125454755107345,0.0045093034598873,1.08037429333894
"beta",0.0627157311349065,-0.00271885614413559,-0.0728645105607773
"delta",-0.00271885614413559,0.00162775243126139,-0.00179493498275979
"lambdaluce",-0.0728645105607773,-0.00179493498275979,2.03736642030146
"beta",0.0606019654535851,-0.00628325702803729,-0.102093115558152
"delta",-0.00628325702803729,0.003080594065275,-0.0038166714854509
"lambdaluce",-0.102093115558152,-0.0038166714854509,2.12884786787974
"beta",0.00300883991334323,-0.00101790211541617,-0.0349944784262004
"delta",-0.00101790211541617,0.00279264282313726,0.0236623294383546
"lambdaluce",-0.0349944784262004,0.0236623294383546,1.79686695003312
"beta",0.0132544807335136,1.75206676243372e-06,-0.0820405406240984
"delta",1.75206676243372e-06,0.00373209947366197,0.010107451307486
"lambdaluce",-0.0820405406240984,0.010107451307486,0.675107757252628
"beta",0.0037985981337539,-0.000719034949730461,0.00439368796190537
"delta",-0.000719034949730461,0.000193499067966558,0.000671330906585394
"lambdaluce",0.00439368796190537,0.000671330906585394,2.41641977644483
"beta",0.0217926955253736,-0.00629425885622682,-0.115371036525546
"delta",-0.00629425885622682,0.00204392936938312,0.0376492241603095
"lambdaluce",-0.115371036525546,0.0376492241603095,2.27788693399753
"beta",0.00673264547377831,-0.00286730297723975,-0.0749975983141583
"delta",-0.00286730297723975,0.00664165248658548,0.0338738865256456
"lambdaluce",-0.0749975983141583,0.0338738865256456,1.37879401028513
"beta",0.00431356575411017,-0.00193613799197121,-0.0653119683312886
"delta",-0.00193613799197121,0.0081376583837401,0.0432642432045127
"lambdaluce",-0.0653119683312886,0.0432642432045127,1.69543661875549
"beta",0.00584257423025845,-0.00116695993881947,-0.0620523303300589
"delta",-0.00116695993881947,0.00294007302392125,0.0200116571857822
"lambdaluce",-0.0620523303300589,0.0200116571857822,1.41576806277512
"beta",0.00844008896261235,-0.00195826256692409,-0.0531068471263861
"delta",-0.00195826256692409,0.000874445037434402,0.0166915370363108
"lambdaluce",-0.0531068471263861,0.0166915370363108,1.99393912887671
"beta",0.00684890350895675,-0.00241000822953651,-0.0370476735913674
"delta",-0.00241000822953651,0.00149732326168668,0.00899563649977197
"lambdaluce",-0.0370476735913674,0.00899563649977197,1.72178648559069
"beta",0.0157717535140001,-0.000973577041907148,-0.125527423492061
"delta",-0.000973577041907148,0.00159334838313328,0.0108661268132639
"lambdaluce",-0.125527423492061,0.0108661268132639,1.30105044223278
"beta",0.0437860859409092,-0.0105159033286875,-0.146501920817783
"delta",-0.0105159033286875,0.00443014094314239,0.00945896437912379
"lambdaluce",-0.146501920817783,0.00945896437912379,2.05289803123475
"beta",0.040958211907198,-0.00591353926614739,-0.0929167746824964
"delta",-0.00591353926614739,0.00363638525015248,0.0115727026639485
"lambdaluce",-0.0929167746824964,0.0115727026639485,2.20489465628051
"beta",0.0640863635762577,-0.00507608051607191,-0.119135880024503
"delta",-0.00507608051607191,0.00347306906563164,-0.00526660481597961
"lambdaluce",-0.119135880024503,-0.00526660481597961,2.0935235480865
"beta",0.00859371529823868,-0.000524054539562052,-0.0287306335821447
"delta",-0.000524054539562052,0.00324387214325046,0.019032334984675
"lambdaluce",-0.0287306335821447,0.019032334984675,1.53066167332271
"beta",0.0200611142451593,-0.000284793765339362,-0.119313210365764
"delta",-0.000284793765339362,0.00335537535909816,0.00166582610937894
"lambdaluce",-0.119313210365764,0.00166582610937894,1.06667843541802
"beta",0.00537575388815552,-0.0011877670319852,-0.0471204500568036
"delta",-0.0011877670319852,0.005599030129393,0.0158805837143253
"lambdaluce",-0.0471204500568036,0.0158805837143253,0.696590801396533
"beta",0.00603434840584468,0.000177171422242145,-0.024662874183993
"delta",0.000177171422242145,0.0157311328440055,-0.00126631813452905
"lambdaluce",-0.024662874183993,-0.00126631813452905,0.200663640358571
"beta",0.00500285843968262,-0.00177395081822995,-0.0758601758383158
"delta",-0.00177395081822995,0.00684305793772017,0.0351188354125088
"lambdaluce",-0.0758601758383158,0.0351188354125088,1.81716154458893
"beta",0.0177774305273483,-0.00488583685563168,-0.0494007896286764
"delta",-0.00488583685563168,0.00149156119035455,0.0176842646767402
"lambdaluce",-0.0494007896286764,0.0176842646767402,1.53134416269493
"beta",0.0418759157982881,-0.00543694629720719,-0.107887890643707
"delta",-0.00543694629720719,0.00148786880404382,0.0311571979816222
"lambdaluce",-0.107887890643707,0.0311571979816222,2.00807364961182
"beta",0.00655700607236191,-0.0015469592333394,-0.0645253888134411
"delta",-0.0015469592333394,0.00981505235116003,0.0268240591171371
"lambdaluce",-0.0645253888134411,0.0268240591171371,1.13727794388959
"beta",0.00981658706830747,-0.0019531788274206,-0.106599781287695
"delta",-0.0019531788274206,0.00237419294442345,0.0470545842189749
"lambdaluce",-0.106599781287695,0.0470545842189749,1.97689957051879
"beta",0.00803891710634612,-0.00240656755404778,-0.100063799319811
"delta",-0.00240656755404778,0.00265039989073883,0.050036466955315
"lambdaluce",-0.100063799319811,0.050036466955315,1.97752206501111
"beta",0.00710414847231797,4.92352802508134e-05,-0.0715490068324515
"delta",4.92352802508134e-05,0.00737804081080989,0.013461101103246
"lambdaluce",-0.0715490068324515,0.013461101103246,1.24048350066089
"beta",0.00720056073496835,-0.00318863782572226,-0.0238618894738364
"delta",-0.00318863782572226,0.00535995164316148,0.0246634499069852
"lambdaluce",-0.0238618894738364,0.0246634499069852,1.95214932834515
"beta",0.04757904021146,-0.0103964044994519,-0.155550141700564
"delta",-0.0103964044994519,0.00406901555005764,0.00378672679745447
"lambdaluce",-0.155550141700564,0.00378672679745447,2.24249230952659
"beta",0.0257207254782783,-0.00696976302376728,-0.12772732506153
"delta",-0.00696976302376728,0.00218773491711013,0.0366003282310618
"lambdaluce",-0.12772732506153,0.0366003282310618,2.09799433232766
"beta",0.00624103141206258,-0.00307829302013541,-0.0217029408742065
"delta",-0.00307829302013541,0.00543661352780128,0.0113911248937459
"lambdaluce",-0.0217029408742065,0.0113911248937459,2.02536291081058
"beta",0.0532019258163034,-0.00785539212468858,-0.127005956913626
"delta",-0.00785539212468858,0.00274947169881477,-0.00742262598303832
"lambdaluce",-0.127005956913626,-0.00742262598303832,2.25099513126918
"beta",0.00609188440803302,-0.00216631952275102,-0.08151692268219
"delta",-0.00216631952275102,0.00568238786875275,0.0380613543563955
"lambdaluce",-0.08151692268219,0.0380613543563955,1.9486676576479
"beta",0.00380200632422074,-0.00243021680777519,-0.0275103975125398
