"","alpha","gamma","luce"
"",0,0,0
"alpha",0.00717812093994657,-0.00131130520958132,-0.0116361616401162
"gamma",-0.00131130520958132,0.0275793951569374,0.00389260135550601
"luce",-0.0116361616401162,0.00389260135550601,0.0783301445441992
"alpha",0.00766199796582543,-0.00298594322472159,-0.0117607582071937
"gamma",-0.00298594322472159,0.0210424039829122,0.00389288472501071
"luce",-0.0117607582071937,0.00389288472501071,0.0768112410805464
"alpha",0.0431087305797099,-0.0238982664529407,-0.010942971444132
"gamma",-0.0238982664529407,0.0465056419127658,-0.0022253589526329
"luce",-0.010942971444132,-0.0022253589526329,0.0815309815366959
"alpha",0.0616540239114924,-0.035840281092577,-0.00225698934838286
"gamma",-0.035840281092577,0.0835929303509553,-0.00719828784148098
"luce",-0.00225698934838286,-0.00719828784148098,0.0870247200754122
"alpha",0.00967041999957673,0.000844239727677191,-0.0116259902716954
"gamma",0.000844239727677191,0.0403209163717132,-0.000728481758762616
"luce",-0.0116259902716954,-0.000728481758762616,0.0775752964600735
"alpha",0.0223029116176814,0.00787159275320122,-0.0215154604625917
"gamma",0.00787159275320122,0.0342482999976339,-0.00651274878428313
"luce",-0.0215154604625917,-0.00651274878428313,0.0722854344737585
"alpha",0.0321183369742864,-0.0145361643575727,-0.00570674915064812
"gamma",-0.0145361643575727,0.0725114054014133,-0.00213535420808921
"luce",-0.00570674915064812,-0.00213535420808921,0.0804877289814392
"alpha",0.0425286906823407,-0.0199604136969267,-0.00912894767657983
"gamma",-0.0199604136969267,0.0277916264811598,-0.00142756888484233
"luce",-0.00912894767657983,-0.00142756888484233,0.077376254129942
"alpha",0.0409794232141983,-0.0195265386443738,-0.0118331691504803
"gamma",-0.0195265386443738,0.0456728658243615,-0.000629247837338839
"luce",-0.0118331691504803,-0.000629247837338839,0.0841631718887239
"alpha",0.0585487650332053,-0.0316132346766702,-0.00720607479716338
"gamma",-0.0316132346766702,0.0727640997933394,-0.00567877653073605
"luce",-0.00720607479716338,-0.00567877653073605,0.0856250843625302
"alpha",0.00406603671735203,-0.000916416545161603,-0.00341324526070537
"gamma",-0.000916416545161603,0.0101428689707833,0.00110421576373388
"luce",-0.00341324526070537,0.00110421576373388,0.0693380542405022
"alpha",0.049047759470714,-0.0281173061941779,-0.00395600218406369
"gamma",-0.0281173061941779,0.068421384232122,-0.00241022653156843
"luce",-0.00395600218406369,-0.00241022653156843,0.0817046736976127
"alpha",0.00814664297879366,-0.00382567148075013,-0.00936043234135659
"gamma",-0.00382567148075013,0.0146087046088644,0.00148814550443004
"luce",-0.00936043234135659,0.00148814550443004,0.0712286903857486
"alpha",0.00541426463859489,0.000629349752163087,-0.00619517000511915
"gamma",0.000629349752163087,0.0134978787133177,0.00103713046090966
"luce",-0.00619517000511915,0.00103713046090966,0.0621626292537994
"alpha",0.0582540201864437,-0.0393492557311233,0.00280033795086783
"gamma",-0.0393492557311233,0.0928410454809549,-0.00674414189498111
"luce",0.00280033795086783,-0.00674414189498111,0.0799383317365445
"alpha",0.0372688415095893,-0.0140592610767357,-0.00951602369299529
"gamma",-0.0140592610767357,0.0836354390014784,0.00166049706482514
"luce",-0.00951602369299529,0.00166049706482514,0.0824910725060748
"alpha",0.011754491865819,-0.00757413544709867,-0.0146581688005923
"gamma",-0.00757413544709867,0.0320300608150283,-0.00162514202149215
"luce",-0.0146581688005923,-0.00162514202149215,0.0791204023897813
"alpha",0.0237379003820093,-0.00638795642432609,-0.0138593259681184
"gamma",-0.00638795642432609,0.0648781127146958,-0.000421383335733255
"luce",-0.0138593259681184,-0.000421383335733255,0.0888556197906198
"alpha",0.0548015873663972,-0.0256419346637019,-0.00769619440034674
"gamma",-0.0256419346637019,0.0336417159631705,-0.00365569518409958
"luce",-0.00769619440034674,-0.00365569518409958,0.0808902255784876
"alpha",0.0479936914304611,-0.0338338607352245,-0.00199425342800051
"gamma",-0.0338338607352245,0.10046897541345,-0.0050822270371768
"luce",-0.00199425342800051,-0.0050822270371768,0.0811609371582022
"alpha",0.00853993364536135,0.00134780251920228,-0.0111950137587949
"gamma",0.00134780251920228,0.00835510530135011,0.00193125567980086
"luce",-0.0111950137587949,0.00193125567980086,0.0770466982558853
"alpha",0.0046647988219842,0.000759062658300291,-0.00401558965348913
"gamma",0.000759062658300291,0.00840463233473762,0.00310277029990133
"luce",-0.00401558965348913,0.00310277029990133,0.0620094823384272
"alpha",0.012976320532382,0.000246205218092623,-0.0130719687176814
"gamma",0.000246205218092623,0.0333830872009774,0.00171004060163991
"luce",-0.0130719687176814,0.00171004060163991,0.077480037119529
"alpha",0.0357712409992274,-0.0138537159505222,-0.015322037153616
"gamma",-0.0138537159505222,0.0597978298212152,-0.00328155751762736
"luce",-0.015322037153616,-0.00328155751762736,0.0819128235166408
"alpha",0.00937419267087663,-0.00302094838302752,-0.00470303562872434
"gamma",-0.00302094838302752,0.00322833572778584,-0.0018093228812587
"luce",-0.00470303562872434,-0.0018093228812587,0.0610755349060804
"alpha",0.049700213199373,-0.0307905722948888,-0.00373680724445863
"gamma",-0.0307905722948888,0.0713950358494724,-0.0017710421249433
"luce",-0.00373680724445863,-0.0017710421249433,0.0817766575300381
"alpha",0.0524811382708509,-0.0265300361715638,-0.00391084911405418
"gamma",-0.0265300361715638,0.101262780626241,-0.00914529749147574
"luce",-0.00391084911405418,-0.00914529749147574,0.0820434727988124
"alpha",0.0689500048000507,-0.0313478877611772,-0.00895167449948406
"gamma",-0.0313478877611772,0.0497680897096318,-0.00350606726192304
"luce",-0.00895167449948406,-0.00350606726192304,0.0884619656620564
"alpha",0.0557277288805801,-0.0290253217409829,-0.00371341082338035
"gamma",-0.0290253217409829,0.0741593746092175,-0.00684390056381966
"luce",-0.00371341082338035,-0.00684390056381966,0.0815151402694706
"alpha",0.0393347111727847,-0.0162073054643228,-0.00483792052762465
"gamma",-0.0162073054643228,0.0911421657709984,-0.00517805284391926
"luce",-0.00483792052762465,-0.00517805284391926,0.0819158689304817
"alpha",0.0543725596908013,-0.0304128576246948,-0.00682278420690721
"gamma",-0.0304128576246948,0.0668699200205168,-0.00314628622272456
"luce",-0.00682278420690721,-0.00314628622272456,0.0834155326920159
"alpha",0.0314618994965121,-0.0151456716038175,-0.0110788224075292
"gamma",-0.0151456716038175,0.0173908774289466,-0.000782528032016305
"luce",-0.0110788224075292,-0.000782528032016305,0.0751597536082839
"alpha",0.0605755539844914,-0.0322344011571256,-0.00394958844646668
"gamma",-0.0322344011571256,0.0804502168443725,-0.00380998367937554
"luce",-0.00394958844646668,-0.00380998367937554,0.0844164563072165
"alpha",0.0588483115486218,-0.041274445510606,0.00194335655986351
"gamma",-0.041274445510606,0.101879640844204,-0.00760072967221356
"luce",0.00194335655986351,-0.00760072967221356,0.0850405396154703
"alpha",0.0349077559228772,-0.0179027501655584,-0.00629966556502083
"gamma",-0.0179027501655584,0.0874583133992531,-0.00334968243792301
"luce",-0.00629966556502083,-0.00334968243792301,0.0867057754596212
"alpha",0.0335309102754426,-0.0175489923072377,-0.0127369772399932
"gamma",-0.0175489923072377,0.0323215019739117,-0.00139141754907821
"luce",-0.0127369772399932,-0.00139141754907821,0.0805692965802712
"alpha",0.0280802296972921,-0.0113267702390623,-0.0108190372511071
"gamma",-0.0113267702390623,0.0541006386058906,0.00237719025543375
"luce",-0.0108190372511071,0.00237719025543375,0.0819538117323584
"alpha",0.00735100235228485,-0.00263860433289052,-0.00532328537132711
"gamma",-0.00263860433289052,0.00633647746408794,-0.00272930363928123
"luce",-0.00532328537132711,-0.00272930363928123,0.0764723160016994
"alpha",0.00917753511432627,-0.00340155080752676,-0.014332563059475
"gamma",-0.00340155080752676,0.0146709186969926,0.00509696490887249
"luce",-0.014332563059475,0.00509696490887249,0.0788238352517875
"alpha",0.0566214875432716,-0.0363770986368982,-0.00193796740027991
"gamma",-0.0363770986368982,0.0814637629520363,-0.00488424394691975
"luce",-0.00193796740027991,-0.00488424394691975,0.0803788204236654
"alpha",0.0570921779844763,-0.0389461789586648,-0.000632102905057045
"gamma",-0.0389461789586648,0.095216913561306,-0.00577376691399576
"luce",-0.000632102905057045,-0.00577376691399576,0.0822750940536518
"alpha",0.0381215966983926,-0.0234087032701365,-0.00922431637493495
"gamma",-0.0234087032701365,0.0388755324715587,-0.00450692876340872
"luce",-0.00922431637493495,-0.00450692876340872,0.0827353310805818
"alpha",0.0243956750929722,-0.00395492834204791,-0.0137201358525055
"gamma",-0.00395492834204791,0.0562965370818103,-0.00164641309274091
"luce",-0.0137201358525055,-0.00164641309274091,0.0800811983235528
"alpha",0.0100611339716229,0.00290052554732476,-0.0116184449241546
"gamma",0.00290052554732476,0.0229178057700587,-6.99033128025268e-05
"luce",-0.0116184449241546,-6.99033128025268e-05,0.0779839123822207
"alpha",0.0311154173950876,-0.0191926730734617,-0.00964309317549348
"gamma",-0.0191926730734617,0.0433874296593324,0.000632051974978688
"luce",-0.00964309317549348,0.000632051974978688,0.0754864127525003
"alpha",0.0492377983754949,-0.0229962423839096,-0.00701069398273779
"gamma",-0.0229962423839096,0.0968259177119752,-0.00872353727264576
"luce",-0.00701069398273779,-0.00872353727264576,0.0843072961745971
"alpha",0.00396500368664948,-0.00110573672693464,-0.00341888121911498
"gamma",-0.00110573672693464,0.00865714420428729,0.000680266611903826
"luce",-0.00341888121911498,0.000680266611903826,0.0740901851944551
"alpha",0.0453811807061613,-0.0263354264996228,-0.005593376144111
"gamma",-0.0263354264996228,0.0980776987291362,-0.00431424172007324
"luce",-0.005593376144111,-0.00431424172007324,0.0810516308232124
"alpha",0.0240893779378424,-0.0127254424675175,-0.0129084313830736
"gamma",-0.0127254424675175,0.0171639309061204,-0.00229604433079083
"luce",-0.0129084313830736,-0.00229604433079083,0.0813108862128397
"alpha",0.0408627468898149,-0.0207121180084798,-0.00850575877210813
"gamma",-0.0207121180084798,0.0791933826168321,0.000703056331484297
"luce",-0.00850575877210813,0.000703056331484297,0.0826483840717008
"alpha",0.0385683762118054,-0.0258253110728121,-0.0038843844977731
"gamma",-0.0258253110728121,0.0810173827759308,-0.000893429112857676
"luce",-0.0038843844977731,-0.000893429112857676,0.0826530643788226
"alpha",0.0565020841400676,-0.0336769232244186,-0.00714791086692456
"gamma",-0.0336769232244186,0.0768936202387812,-0.00288929361432853
"luce",-0.00714791086692456,-0.00288929361432853,0.0838290812833056
"alpha",0.010666452139329,-0.00378261873544317,-0.0137543209492502
"gamma",-0.00378261873544317,0.0105982882891479,0.000818263504037849
"luce",-0.0137543209492502,0.000818263504037849,0.0769655183900902
"alpha",0.0081623043909586,-0.00558281436525267,-0.00750162920173021
"gamma",-0.00558281436525267,0.0148538356565175,0.000365416246093393
"luce",-0.00750162920173021,0.000365416246093393,0.0606627930318596
"alpha",0.00927080486612078,-0.00391650152760496,-0.00506519983664277
"gamma",-0.00391650152760496,0.00555446546839251,-0.00323142454440355
"luce",-0.00506519983664277,-0.00323142454440355,0.0679969457871399
"alpha",0.0654424946691843,-0.0443812036969461,-0.00503890834783697
"gamma",-0.0443812036969461,0.101304355176379,-0.000314574751410641
"luce",-0.00503890834783697,-0.000314574751410641,0.081262069086419
"alpha",0.0742619665461684,-0.0348137590687212,-0.00296124537100114
"gamma",-0.0348137590687212,0.0521402996942032,-0.00513412929939015
"luce",-0.00296124537100114,-0.00513412929939015,0.0762593077233152
"alpha",0.0561614234943329,-0.0324555999744303,-0.00353274448205838
"gamma",-0.0324555999744303,0.0833483676032594,-0.00232692406810638
"luce",-0.00353274448205838,-0.00232692406810638,0.0863431797200616
"alpha",0.0541609938190827,-0.0353185054286882,-0.00611274192779426
"gamma",-0.0353185054286882,0.085237559017849,-0.00576093361367247
"luce",-0.00611274192779426,-0.00576093361367247,0.0839134699794411
"alpha",0.032290438903907,-0.00666507243444001,-0.00919583413731768
"gamma",-0.00666507243444001,0.0779453802179712,-0.00320386074778517
"luce",-0.00919583413731768,-0.00320386074778517,0.0860605320817206
"alpha",0.0586144942890678,-0.0297516687686631,-0.00274032008934684
"gamma",-0.0297516687686631,0.0665260866601023,-0.00561731499993692
"luce",-0.00274032008934684,-0.00561731499993692,0.0830091675488662
"alpha",0.0306095003756814,-0.00882457186026253,-0.00925809334654743
"gamma",-0.00882457186026253,0.0766691110602407,0.00109571780542264
"luce",-0.00925809334654743,0.00109571780542264,0.0840791654952672
"alpha",0.00790196701519214,-0.000612546633855152,-0.0104503537860353
"gamma",-0.000612546633855152,0.0161760380399305,0.00225986518802847
"luce",-0.0104503537860353,0.00225986518802847,0.0748811902735467
"alpha",0.00998773528663296,0.00199832196091194,-0.012475650631813
"gamma",0.00199832196091194,0.0166629533109452,0.00196527452591414
"luce",-0.012475650631813,0.00196527452591414,0.0786089130378845
"alpha",0.0565556122637094,-0.035582290165517,0.00068194175478071
"gamma",-0.035582290165517,0.0859252109091749,-0.00676007310421941
"luce",0.00068194175478071,-0.00676007310421941,0.0836681364022102
"alpha",0.0333517794325547,-0.0202626973820715,-0.00649125326287162
"gamma",-0.0202626973820715,0.0862982191802671,0.00305374353542747
"luce",-0.00649125326287162,0.00305374353542747,0.0828079752209811
"alpha",0.0148745691287662,-0.00386245622825193,-0.0137787364832332
"gamma",-0.00386245622825193,0.0377493671891881,0.00383147828880427
"luce",-0.0137787364832332,0.00383147828880427,0.0801181503832276
"alpha",0.0534847902007334,-0.029285922529533,-0.000884979470109719
"gamma",-0.029285922529533,0.0751380032746534,-0.00830688280451892
"luce",-0.000884979470109719,-0.00830688280451892,0.0825217519003416
"alpha",0.0167673669646653,-0.00411934169934325,-0.0127224321974064
"gamma",-0.00411934169934325,0.0465107155842161,0.0013277299038139
"luce",-0.0127224321974064,0.0013277299038139,0.0800429881977236
"alpha",0.0405029322081454,-0.0168832399042148,-0.00869929473387208
"gamma",-0.0168832399042148,0.105980721947836,-0.00334222471291432
"luce",-0.00869929473387208,-0.00334222471291432,0.0825420873900725
"alpha",0.065241814225548,-0.0399396391882371,0.00393553685744931
"gamma",-0.0399396391882371,0.0881287905845827,-0.00945626642073956
"luce",0.00393553685744931,-0.00945626642073956,0.087797925842267
"alpha",0.0132940224010366,-0.00465154172595263,-0.0187947487358487
"gamma",-0.00465154172595263,0.0305774816614659,0.00395220044920277
"luce",-0.0187947487358487,0.00395220044920277,0.0837903777717536
"alpha",0.0529117392955202,-0.0336426300579322,-0.00280505108314802
"gamma",-0.0336426300579322,0.0824178068193984,-0.00480559631290147
"luce",-0.00280505108314802,-0.00480559631290147,0.0830008169751549
"alpha",0.00423204814083245,-0.00225108004768358,-0.00248260644538386
"gamma",-0.00225108004768358,0.0124194061969064,-0.00166766551836719
"luce",-0.00248260644538386,-0.00166766551836719,0.0708123294016177
"alpha",0.0215856548138201,0.00165672410469076,-0.00877209991212004
"gamma",0.00165672410469076,0.0614171256120616,0.00433586700713988
"luce",-0.00877209991212004,0.00433586700713988,0.0829262989315616
"alpha",0.00667330398907098,0.0015904054984391,-0.00586385296059696
"gamma",0.0015904054984391,0.00730366335410019,0.00277438967019387
"luce",-0.00586385296059696,0.00277438967019387,0.0761361791608759
"alpha",0.0179823725337988,-0.00663552822315735,-0.00868794727677183
"gamma",-0.00663552822315735,0.00552621927111852,-0.00228942167495744
"luce",-0.00868794727677183,-0.00228942167495744,0.0739235830186458
"alpha",0.0111832403176612,-0.00678375840423534,-0.01264727883513
"gamma",-0.00678375840423534,0.0176503361733992,0.00166056250845697
"luce",-0.01264727883513,0.00166056250845697,0.0747991487661643
"alpha",0.0350445214579132,-0.0167286963165862,-0.00956845589251278
"gamma",-0.0167286963165862,0.0717902822495884,-0.00184989586096735
"luce",-0.00956845589251278,-0.00184989586096735,0.0859273676627633
"alpha",0.0523685587776201,-0.0290512087437435,-0.00543462977319095
"gamma",-0.0290512087437435,0.0781817397656519,-0.00502140642223424
"luce",-0.00543462977319095,-0.00502140642223424,0.0829916724051723
"alpha",0.00245224871374888,-0.000483324161814858,-0.000439557504751648
"gamma",-0.000483324161814858,0.0067033027627639,0.000582453027891159
"luce",-0.000439557504751648,0.000582453027891159,0.0633737565458548
"alpha",0.0194482001553286,-0.0121720337272751,-0.015813768735115
"gamma",-0.0121720337272751,0.0498743966598044,0.000659107232356134
"luce",-0.015813768735115,0.000659107232356134,0.0814340564794866
"alpha",0.0439794948906033,-0.0223647784654499,-0.00891570467165904
"gamma",-0.0223647784654499,0.0454970810371673,-0.00118181541487256
"luce",-0.00891570467165904,-0.00118181541487256,0.0819395820426197
"alpha",0.0459994847994226,-0.025137092201288,-0.00392443126086756
"gamma",-0.025137092201288,0.0795716295741583,-0.0078528386758197
"luce",-0.00392443126086756,-0.0078528386758197,0.0850002324784788
"alpha",0.0439379039647143,-0.0260182698371836,-0.00876185918848835
"gamma",-0.0260182698371836,0.0662870179120003,0.00234351214727431
"luce",-0.00876185918848835,0.00234351214727431,0.0818993057334697
"alpha",0.00564512290323893,-0.00176736330554915,-0.00687269911697658
"gamma",-0.00176736330554915,0.0118933799520195,0.0012813780035223
"luce",-0.00687269911697658,0.0012813780035223,0.0758905956688989
"alpha",0.0574920140714871,-0.033357682834276,-0.000753477041241874
"gamma",-0.033357682834276,0.0928205405382392,-0.00745897805122897
"luce",-0.000753477041241874,-0.00745897805122897,0.0826580422526961
"alpha",0.0191683126090292,0.000932271079076719,-0.0159413596238178
"gamma",0.000932271079076719,0.047883130642263,-0.00132061540281422
"luce",-0.0159413596238178,-0.00132061540281422,0.0880675247674841
"alpha",0.0679189709256798,-0.0482565451770242,0.000109370617303118
"gamma",-0.0482565451770242,0.103712092197018,-0.002156235888222
"luce",0.000109370617303118,-0.002156235888222,0.0827169942208914
"alpha",0.064432661515775,-0.0390287552302962,0.0034977029856442
"gamma",-0.0390287552302962,0.0843680900511089,-0.0106950872396977
"luce",0.0034977029856442,-0.0106950872396977,0.0839400704859005
"alpha",0.0142655993159572,-0.00409974945852097,-0.0172989754877751
"gamma",-0.00409974945852097,0.0347582282768798,-0.00244444928727589
"luce",-0.0172989754877751,-0.00244444928727589,0.0842491249234427
"alpha",0.0108324348744777,0.0013408696672854,-0.0150534074427202
"gamma",0.0013408696672854,0.022019803138636,0.00120159293563404
"luce",-0.0150534074427202,0.00120159293563404,0.0757689983226608
"alpha",0.0266114393798186,-0.00120449967025528,-0.0186323992717247
"gamma",-0.00120449967025528,0.0591442374974766,-0.00683489982937285
"luce",-0.0186323992717247,-0.00683489982937285,0.0798714135673057
"alpha",0.00954422210487495,-0.0044711713811847,-0.0132849095046269
"gamma",-0.0044711713811847,0.013206667574968,0.00223178260045814
"luce",-0.0132849095046269,0.00223178260045814,0.0783862177378433
"alpha",0.04431991000066,-0.0220193181019457,-0.0122362978898825
"gamma",-0.0220193181019457,0.0455458793999128,-0.00239587938245407
"luce",-0.0122362978898825,-0.00239587938245407,0.0869954865812657
"alpha",0.00903533839167745,-0.000915430746356999,-0.0151926663873129
"gamma",-0.000915430746356999,0.0205466990317594,0.00354120902409807
"luce",-0.0151926663873129,0.00354120902409807,0.0816248038341255
"alpha",0.00414118066477175,-0.00178728284660503,-0.00248731092259099
"gamma",-0.00178728284660503,0.00842825295990397,-0.00137086177299406
"luce",-0.00248731092259099,-0.00137086177299406,0.072233097331979
"alpha",0.00806413933963065,0.00228894508697673,-0.00817477807459023
"gamma",0.00228894508697673,0.00750495774805919,0.00155720903590564
"luce",-0.00817477807459023,0.00155720903590564,0.0775488695419279
"alpha",0.0497333370106826,-0.0293595375985932,0.00311452378972091
"gamma",-0.0293595375985932,0.0979551555932396,-0.00761631191384835
"luce",0.00311452378972091,-0.00761631191384835,0.0811429111339488
"alpha",0.0507872089598645,-0.0253613746811952,-0.00798577400516527
"gamma",-0.0253613746811952,0.0376540501715393,-0.0030844729915938
"luce",-0.00798577400516527,-0.0030844729915938,0.0801318644169735
"alpha",0.0192273198551361,-0.00108448333091741,-0.0156307427428974
"gamma",-0.00108448333091741,0.0494437445513532,-0.00124929529176522
"luce",-0.0156307427428974,-0.00124929529176522,0.0843644263619093
"alpha",0.0530915241273084,-0.0304082026045212,-0.00311300310938502
"gamma",-0.0304082026045212,0.0925266370500048,-0.00153401776094388
"luce",-0.00311300310938502,-0.00153401776094388,0.0822450066161112
"alpha",0.0688359626920472,-0.0388558781896452,0.0019494964556303
"gamma",-0.0388558781896452,0.0896733763930048,-0.0109916841065932
"luce",0.0019494964556303,-0.0109916841065932,0.0822887129912078
"alpha",0.0414963468895347,-0.0257538152806463,-0.0069317317253783
"gamma",-0.0257538152806463,0.0898221800628921,0.000956432340542834
"luce",-0.0069317317253783,0.000956432340542834,0.0838780604332958
"alpha",0.0441437382260021,-0.0282878052029442,-0.00410226341013453
"gamma",-0.0282878052029442,0.0818276137652639,-0.000891947350091843
"luce",-0.00410226341013453,-0.000891947350091843,0.0821357697107919
"alpha",0.0545404201274967,-0.0321251507589641,-0.0071372188871013
"gamma",-0.0321251507589641,0.0687477192534887,-0.00339210616678732
"luce",-0.0071372188871013,-0.00339210616678732,0.0829151527673362
"alpha",0.0442257496791194,-0.0280939847703101,-0.00608097182416991
"gamma",-0.0280939847703101,0.070800412891638,-0.000911611162106244
"luce",-0.00608097182416991,-0.000911611162106244,0.0815537265220613
"alpha",0.0634794547566376,-0.0341453841492598,-0.00676172301468968
"gamma",-0.0341453841492598,0.0698288103035132,-0.0014890586217944
"luce",-0.00676172301468968,-0.0014890586217944,0.0799770765245568
"alpha",0.0358359535491992,-0.0198571983058267,-0.00599175895299158
"gamma",-0.0198571983058267,0.0663509511546841,-0.00132329776600394
"luce",-0.00599175895299158,-0.00132329776600394,0.0816295238910743
"alpha",0.057812362890321,-0.0376380016591645,-0.00361225947587145
"gamma",-0.0376380016591645,0.0935323272345325,-0.00277156289183895
"luce",-0.00361225947587145,-0.00277156289183895,0.0852360331445807
"alpha",0.00581650089540645,-0.00248506498272451,-0.0065091089540073
"gamma",-0.00248506498272451,0.0151966625523711,0.00141920361189447
"luce",-0.0065091089540073,0.00141920361189447,0.0596273270340014
"alpha",0.0292693850218762,-0.0155142376904709,-0.0167073485272245
"gamma",-0.0155142376904709,0.0315696324817393,-0.00366230624733095
"luce",-0.0167073485272245,-0.00366230624733095,0.0834823343523148
"alpha",0.0486442501573216,-0.0264059995337701,-0.0059293939294922
"gamma",-0.0264059995337701,0.0754397249264576,-0.00298685818915579
"luce",-0.0059293939294922,-0.00298685818915579,0.0834778232383326
"alpha",0.0443987963990549,-0.0220690925458304,-0.00461516518607106
"gamma",-0.0220690925458304,0.0669132430647615,-0.00670461985496437
"luce",-0.00461516518607106,-0.00670461985496437,0.0838406943941069
"alpha",0.0445854360780459,-0.0286182027583849,-0.00116686550245992
"gamma",-0.0286182027583849,0.0807066310202304,-0.00473530199724605
"luce",-0.00116686550245992,-0.00473530199724605,0.0803921505545654
"alpha",0.0204337009166832,0.00111746656619757,-0.0093254679316402
"gamma",0.00111746656619757,0.0525697682745841,0.00643503729175189
"luce",-0.0093254679316402,0.00643503729175189,0.0831275034922838
"alpha",0.0151241617320243,0.000835544601041221,-0.0173969163528623
"gamma",0.000835544601041221,0.0424608581276949,-0.000982847976501902
"luce",-0.0173969163528623,-0.000982847976501902,0.0803953662817332
"alpha",0.0115747793898671,0.00018773396183597,-0.0172178837314475
"gamma",0.00018773396183597,0.0248395254179472,0.00368221269525553
"luce",-0.0172178837314475,0.00368221269525553,0.0819869530278528
"alpha",0.0473369624023889,-0.028232794006165,-0.00609036592422548
"gamma",-0.028232794006165,0.0836170134496148,-0.00163172744785625
"luce",-0.00609036592422548,-0.00163172744785625,0.0848009739551472
"alpha",0.0446434141876778,-0.0230381367337141,-0.00362993041693534
"gamma",-0.0230381367337141,0.0658469232659553,-0.00339425383844854
"luce",-0.00362993041693534,-0.00339425383844854,0.086135891190772
"alpha",0.0398256607643197,-0.0209070899903516,-0.00688620491474502
"gamma",-0.0209070899903516,0.0654421739702014,-0.0062115010260524
"luce",-0.00688620491474502,-0.0062115010260524,0.0839067137870865
"alpha",0.0591658206718294,-0.0359476310592787,-0.00604326247331301
"gamma",-0.0359476310592787,0.0831806644958593,-0.00119293230676917
"luce",-0.00604326247331301,-0.00119293230676917,0.0849647949778258
"alpha",0.0167753009386016,0.00189079934777909,-0.0170856091663625
"gamma",0.00189079934777909,0.0307928403653512,-0.00388052993422954
"luce",-0.0170856091663625,-0.00388052993422954,0.0687687794624902
"alpha",0.0520745134375062,-0.0377775841747001,0.00191768661495277
"gamma",-0.0377775841747001,0.109736259735852,-0.00608664416763184
"luce",0.00191768661495277,-0.00608664416763184,0.0864578946261813
"alpha",0.0243850554693753,-0.00610705212778767,-0.0193937350534918
"gamma",-0.00610705212778767,0.0575155705369069,-0.00560164145003434
"luce",-0.0193937350534918,-0.00560164145003434,0.0780289428244887
"alpha",0.017775625067026,-0.0114622551504766,-0.0135691309948068
"gamma",-0.0114622551504766,0.0259304741314172,-0.000341500865867166
"luce",-0.0135691309948068,-0.000341500865867166,0.0780491043410845
"alpha",0.0375244397519247,-0.0238201273909778,-0.00718860482117145
"gamma",-0.0238201273909778,0.100483155569671,0.000439076087616633
"luce",-0.00718860482117145,0.000439076087616633,0.081151413326463
"alpha",0.0118509123249926,-0.00447435989074212,-0.00677601997533414
"gamma",-0.00447435989074212,0.00542857588348522,-0.00416967373783031
"luce",-0.00677601997533414,-0.00416967373783031,0.074903930528022
"alpha",0.0566763571718212,-0.0363950383601362,-0.00302850852986359
"gamma",-0.0363950383601362,0.101679887436815,-0.00399352168330428
"luce",-0.00302850852986359,-0.00399352168330428,0.0821018763054956
"alpha",0.0463773130631628,-0.0293043908226237,-0.00678531162043475
"gamma",-0.0293043908226237,0.0729270657054409,-0.00183286695195679
"luce",-0.00678531162043475,-0.00183286695195679,0.0857051349555824
"alpha",0.0429707187586094,-0.0278313232853653,-0.00495491981917307
"gamma",-0.0278313232853653,0.0871281700035005,0.000613483098904647
"luce",-0.00495491981917307,0.000613483098904647,0.0848103717868399
"alpha",0.0418779898615393,-0.0261659307399673,-0.00805728633058976
"gamma",-0.0261659307399673,0.108345480941325,-0.000225068008940411
"luce",-0.00805728633058976,-0.000225068008940411,0.0837209028558426
"alpha",0.04827760817781,-0.0269507098663067,-0.00752525742127148
"gamma",-0.0269507098663067,0.0700363759213008,-0.00469072419723973
"luce",-0.00752525742127148,-0.00469072419723973,0.0842002924005708
"alpha",0.0043323814285977,0.000390687321042622,-0.00382780091842546
"gamma",0.000390687321042622,0.0106058713385285,0.00252922603248545
"luce",-0.00382780091842546,0.00252922603248545,0.06820383721093
"alpha",0.0715207262202671,-0.0418250482851881,0.0020454509069331
"gamma",-0.0418250482851881,0.0903520077771954,-0.0119797641290693
"luce",0.0020454509069331,-0.0119797641290693,0.0879331059770251
"alpha",0.0248928617709722,-0.00852890069658617,-0.00987427833039247
"gamma",-0.00852890069658617,0.064660798138833,-0.000683394227322811
"luce",-0.00987427833039247,-0.000683394227322811,0.0796956672333613
"alpha",0.0307082430332166,-0.0130829400627161,-0.011581078392224
"gamma",-0.0130829400627161,0.0333360589558364,-0.00402461341055043
"luce",-0.011581078392224,-0.00402461341055043,0.0758987948611047
"alpha",0.0450502642577895,-0.0246469187418413,-0.00952284777409765
"gamma",-0.0246469187418413,0.0616091681399281,-0.00352333597377915
"luce",-0.00952284777409765,-0.00352333597377915,0.0848809470230328
"alpha",0.0325700353541181,-0.00892801646913235,-0.0106785779778227
"gamma",-0.00892801646913235,0.0861814148753298,0.0059839301495066
"luce",-0.0106785779778227,0.0059839301495066,0.0815593635972356
"alpha",0.00364255810986685,-0.00193475407763972,-0.00195253660016815
"gamma",-0.00193475407763972,0.00853002850515671,-0.00218110009369421
"luce",-0.00195253660016815,-0.00218110009369421,0.0650231453008557
"alpha",0.060914534385585,-0.0353629666061881,0.00534948618841052
"gamma",-0.0353629666061881,0.116640731470757,-0.0132158968365787
"luce",0.00534948618841052,-0.0132158968365787,0.0799727395909119
"alpha",0.0514296774254568,-0.0335397300433126,-0.00639153565029693
"gamma",-0.0335397300433126,0.0925331050896724,0.00389709137478793
"luce",-0.00639153565029693,0.00389709137478793,0.0831077175969905
"alpha",0.0622839587956204,-0.0382756818061087,-0.00351199484723012
"gamma",-0.0382756818061087,0.0962517360594756,-0.0079110794523181
"luce",-0.00351199484723012,-0.0079110794523181,0.0816227163563211
"alpha",0.00614027093876761,-0.00311099840149534,-0.00489384441412216
"gamma",-0.00311099840149534,0.0105454229938958,-8.26207686597178e-05
"luce",-0.00489384441412216,-8.26207686597178e-05,0.0637488741662708
"alpha",0.0401946533049244,-0.0213363703461365,-0.00776780808790812
"gamma",-0.0213363703461365,0.0679282939511346,-0.00355112537587397
"luce",-0.00776780808790812,-0.00355112537587397,0.0859069298570924
"alpha",0.0568121023038818,-0.0390429179873714,-0.00127303834997954
"gamma",-0.0390429179873714,0.0955312668068009,0.000426400818495927
"luce",-0.00127303834997954,0.000426400818495927,0.0844236740083317
"alpha",0.00890249115932434,-0.00572316994875156,-0.0116427821792941
"gamma",-0.00572316994875156,0.0237273209273986,0.00127556102305724
"luce",-0.0116427821792941,0.00127556102305724,0.0760154814877176
"alpha",0.0625386022089244,-0.0387622827487365,0.00703555357839815
"gamma",-0.0387622827487365,0.0993456004855382,-0.0163408496213832
"luce",0.00703555357839815,-0.0163408496213832,0.0846753803017143
"alpha",0.00585354703383709,-0.00141269974929195,-0.00758496986506027
"gamma",-0.00141269974929195,0.0113412186260499,0.00205080291518629
"luce",-0.00758496986506027,0.00205080291518629,0.0774989353315786
"alpha",0.0561003904727967,-0.0307452119352422,-0.00735236365397792
"gamma",-0.0307452119352422,0.0972277008074675,-0.00537532636276682
"luce",-0.00735236365397792,-0.00537532636276682,0.0820436312011408
"alpha",0.00997272089178166,-0.00491106432635209,-0.00904704691414963
"gamma",-0.00491106432635209,0.0169240118612411,-0.0048051165646839
"luce",-0.00904704691414963,-0.0048051165646839,0.0680061327765289
"alpha",0.0308512187091337,-0.0127411141980839,-0.0116338248792106
"gamma",-0.0127411141980839,0.0120282486052549,-0.00256897670524264
"luce",-0.0116338248792106,-0.00256897670524264,0.0768637689026599
"alpha",0.0628530486123365,-0.0336343672663385,-0.00283135054067169
"gamma",-0.0336343672663385,0.0780540484537114,-0.00724464449228857
"luce",-0.00283135054067169,-0.00724464449228857,0.0832339257428135
"alpha",0.00467548076400526,-0.00136096126707544,-0.00514144419648933
"gamma",-0.00136096126707544,0.011047185432114,0.00193684579715344
"luce",-0.00514144419648933,0.00193684579715344,0.0756346686034313
"alpha",0.0098574541483217,-0.00448297671224983,-0.0123777039500769
"gamma",-0.00448297671224983,0.0114137388724576,0.000873525871115885
"luce",-0.0123777039500769,0.000873525871115885,0.0765906005247275
"alpha",0.00667206625577875,-0.003541146884892,-0.00941303421471523
"gamma",-0.003541146884892,0.0233416498005739,0.00186242310448012
"luce",-0.00941303421471523,0.00186242310448012,0.0692355343307097
"alpha",0.0468879346637337,-0.0228897702921555,-0.00981678561814996
"gamma",-0.0228897702921555,0.0513862991324203,-0.00272948900407628
"luce",-0.00981678561814996,-0.00272948900407628,0.0901522500870428
"alpha",0.00752340215640847,0.0021251414694167,-0.0113684061687451
"gamma",0.0021251414694167,0.0145167113020613,0.00133751147658101
"luce",-0.0113684061687451,0.00133751147658101,0.076947134984716
"alpha",0.0104266060463019,0.00259102369941676,-0.0134996007242496
"gamma",0.00259102369941676,0.0301608122098086,0.000808192171779189
"luce",-0.0134996007242496,0.000808192171779189,0.0804816493225452
"alpha",0.0483781746210009,-0.0272758705714751,-0.00992535815421133
"gamma",-0.0272758705714751,0.0677341445639083,0.00233718708823432
"luce",-0.00992535815421133,0.00233718708823432,0.0830110998214098
"alpha",0.0456188096822313,-0.0263003914704713,-0.0106860154143332
"gamma",-0.0263003914704713,0.0708029245385482,0.000326460806249682
"luce",-0.0106860154143332,0.000326460806249682,0.0837104755457542
"alpha",0.00284047103938734,0.000349612726358403,-0.00155083686364713
"gamma",0.000349612726358403,0.00916925667462351,0.00313330773456592
"luce",-0.00155083686364713,0.00313330773456592,0.0697932484331301
"alpha",0.00789610266721902,-0.00220098226724466,-0.00809999546779446
"gamma",-0.00220098226724466,0.0118696635218276,0.000866626467613983
"luce",-0.00809999546779446,0.000866626467613983,0.0558271136485598
"alpha",0.0113589675337978,-0.00528903705725796,-0.0151351922407038
"gamma",-0.00528903705725796,0.0239818056134009,-0.00111319101802037
"luce",-0.0151351922407038,-0.00111319101802037,0.0791174999447515
"alpha",0.00249086072946672,0.000727793702273696,-0.00178422950318728
"gamma",0.000727793702273696,0.0085072176228091,0.00376846307008592
"luce",-0.00178422950318728,0.00376846307008592,0.0772804737788456
"alpha",0.015742042039205,-0.00317025127076014,-0.0168763590870182
"gamma",-0.00317025127076014,0.0431620876553828,0.0039364588781896
"luce",-0.0168763590870182,0.0039364588781896,0.0871356096271267
"alpha",0.0389137359976798,-0.0188603777939459,-0.0101632242573686
"gamma",-0.0188603777939459,0.0673001432469841,-0.000359843953823735
"luce",-0.0101632242573686,-0.000359843953823735,0.0815920648982867
"alpha",0.0235429977057505,0.00608807297607579,-0.0126153571349839
"gamma",0.00608807297607579,0.0665803678951952,-0.000212591188653422
"luce",-0.0126153571349839,-0.000212591188653422,0.0806531740623264
"alpha",0.0522827089156739,-0.030795058387544,-0.00423319514232643
"gamma",-0.030795058387544,0.102892223050128,-0.00559036892486682
"luce",-0.00423319514232643,-0.00559036892486682,0.0868024607453539
"alpha",0.00950343689485983,0.00206019625980377,-0.0140415046168048
"gamma",0.00206019625980377,0.016689622581092,0.00219233530813056
"luce",-0.0140415046168048,0.00219233530813056,0.0802829459831054
"alpha",0.00533353331050595,-0.00247966940532422,-0.00666729090357234
"gamma",-0.00247966940532422,0.011460504974156,0.000647947670936533
"luce",-0.00666729090357234,0.000647947670936533,0.0714133865506612
"alpha",0.00729876427350025,0.000610374152382794,-0.0102870292238471
"gamma",0.000610374152382794,0.0072785764298341,0.00205066967253355
"luce",-0.0102870292238471,0.00205066967253355,0.0768316152152155
"alpha",0.0322052564356946,-0.0153897140753278,-0.0135778344146277
"gamma",-0.0153897140753278,0.0245278325846911,-0.00379434781956004
"luce",-0.0135778344146277,-0.00379434781956004,0.0825082743710003
"alpha",0.0662323657827411,-0.0302978074018084,-0.0103094230190201
"gamma",-0.0302978074018084,0.0401240772750347,-0.00220507588597202
"luce",-0.0103094230190201,-0.00220507588597202,0.0836805934410035
"alpha",0.0396131628636747,-0.0225160387023258,-0.0155146255885954
"gamma",-0.0225160387023258,0.0477174120158357,0.00284159069002196
"luce",-0.0155146255885954,0.00284159069002196,0.0799310857654232
"alpha",0.00679550463024721,0.000304643993747506,-0.00978395418127575
"gamma",0.000304643993747506,0.0151533816970148,0.00151665911113479
"luce",-0.00978395418127575,0.00151665911113479,0.0774452751616502
"alpha",0.028593874701315,0.000313728748420004,-0.0129440984872108
"gamma",0.000313728748420004,0.0716925097123187,-0.00252875991105275
"luce",-0.0129440984872108,-0.00252875991105275,0.0844984409378547
"alpha",0.0550013083787744,-0.0324653357895553,-0.00557589113392115
"gamma",-0.0324653357895553,0.101170862894198,-0.00665514948922831
"luce",-0.00557589113392115,-0.00665514948922831,0.0848476309669109
"alpha",0.0119925073303021,-0.00721717560480591,-0.0144081243147899
"gamma",-0.00721717560480591,0.0368352632631116,-0.00391229935459908
"luce",-0.0144081243147899,-0.00391229935459908,0.0773785223888571
"alpha",0.0307011369373926,-0.0150240690571978,-0.0123344556621192
"gamma",-0.0150240690571978,0.0507249338175301,-0.00200447570654682
"luce",-0.0123344556621192,-0.00200447570654682,0.079641573061079
"alpha",0.0588372912815332,-0.0351638024712158,-0.00119434085042002
"gamma",-0.0351638024712158,0.0770458366976981,-0.00238201681115204
"luce",-0.00119434085042002,-0.00238201681115204,0.080033131612451
"alpha",0.0293494254993085,-0.0132185454790408,-0.0128242856760619
"gamma",-0.0132185454790408,0.0561326403011501,-0.00427444605025438
"luce",-0.0128242856760619,-0.00427444605025438,0.0820778947479445
"alpha",0.0098163677412286,-0.00363480201211231,-0.0160751048859542
"gamma",-0.00363480201211231,0.018442670679782,0.00298169347376742
"luce",-0.0160751048859542,0.00298169347376742,0.0815755066739813
"alpha",0.0284892598277182,-0.00478044591013955,-0.00863605504052581
"gamma",-0.00478044591013955,0.0727343352228213,0.000488786823987588
"luce",-0.00863605504052581,0.000488786823987588,0.0832602524014382
"alpha",0.0140263395839482,0.00191153524140074,-0.0109977709533706
"gamma",0.00191153524140074,0.0428110861905386,0.0073404886152204
"luce",-0.0109977709533706,0.0073404886152204,0.0822387331561764
"alpha",0.0328978789669947,-0.0155280284970925,-0.0106597414940118
"gamma",-0.0155280284970925,0.0653142964966379,-0.00205541958354491
"luce",-0.0106597414940118,-0.00205541958354491,0.0830303032020733
"alpha",0.0140178628078426,0.0015375821166923,-0.0173155914017825
"gamma",0.0015375821166923,0.020478625274964,0.00260693327871354
"luce",-0.0173155914017825,0.00260693327871354,0.078772348350998
"alpha",0.0341224469640003,-0.0182946031175177,-0.00751926819834073
"gamma",-0.0182946031175177,0.0429754770110018,-0.00381503473512073
"luce",-0.00751926819834073,-0.00381503473512073,0.0816397396391813
"alpha",0.0387787573913088,-0.0151515438953368,-0.00819322348921839
"gamma",-0.0151515438953368,0.097621944346962,-0.00459220764997654
"luce",-0.00819322348921839,-0.00459220764997654,0.0808084249487461
"alpha",0.0293719631899762,-0.00969096751163029,-0.00938942917646702
"gamma",-0.00969096751163029,0.0699243985151827,0.000153462737279561
"luce",-0.00938942917646702,0.000153462737279561,0.0840322189780965
"alpha",0.0478710693888915,-0.0282340301125756,-0.00794557216377876
"gamma",-0.0282340301125756,0.0748205464669195,-0.00295741213277613
"luce",-0.00794557216377876,-0.00295741213277613,0.0838132114598548
"alpha",0.0512672226266002,-0.0190647275570895,-0.0106113876411172
"gamma",-0.0190647275570895,0.0589763604822923,-0.0118059360239608
"luce",-0.0106113876411172,-0.0118059360239608,0.0782606819796443
"alpha",0.0105182282462456,-0.00592891803144876,-0.0139484979417735
"gamma",-0.00592891803144876,0.0184201943249421,0.000640848307279683
"luce",-0.0139484979417735,0.000640848307279683,0.0789450600883422
"alpha",0.0325887355399796,-0.0159666806894752,-0.00752192972918245
"gamma",-0.0159666806894752,0.0698499616668051,-0.00267519638705175
"luce",-0.00752192972918245,-0.00267519638705175,0.0852359643714817
"alpha",0.0139482948103391,-0.00933435706632293,-0.0140686560522914
"gamma",-0.00933435706632293,0.0232128524084194,-0.00139451097085916
"luce",-0.0140686560522914,-0.00139451097085916,0.0813994148965193
"alpha",0.00721058098526134,0.000447007784794697,-0.00965287179903468
"gamma",0.000447007784794697,0.0145308225898511,0.00330130274730653
"luce",-0.00965287179903468,0.00330130274730653,0.0763335687404205
"alpha",0.0162562302729233,0.00617524747199487,-0.0185583722247933
"gamma",0.00617524747199487,0.0251182317142452,-0.00426444822564082
