"","alpha","beta","gamma","delta","lambda","luce"
"",0,0,0,0,0,0
"alpha",0.0763031638484469,-0.000979547060343407,0.00198640152519034,0.000965423853006209,-0.000927878823569032,-0.00711064783232301
"beta",-0.000979547060343407,0.0280308675626441,0.000950704839778074,-0.0022603080083213,-0.0100801309908729,-0.00387836314341582
"gamma",0.00198640152519034,0.000950704839778074,0.0497993135487717,-0.000468086319194814,0.000916147181994087,0.00473309180936826
"delta",0.000965423853006209,-0.0022603080083213,-0.000468086319194814,0.0162510509646092,0.000331458659467524,0.000443606377050765
"lambda",-0.000927878823569032,-0.0100801309908729,0.000916147181994087,0.000331458659467524,0.934056646942204,-0.0225489004863624
"luce",-0.00711064783232301,-0.00387836314341582,0.00473309180936826,0.000443606377050765,-0.0225489004863624,0.0649945570095781
"alpha",0.0675287958084051,0.00347600611075521,0.00820755796269148,1.44410284234837e-05,0.00520479640460334,-0.0128329081820757
"beta",0.00347600611075521,0.0631313291084935,-0.00205993271733141,0.000853153984624525,-0.0798482842077776,-0.0165589644206547
"gamma",0.00820755796269148,-0.00205993271733141,0.0476109437625168,4.55789901901179e-05,-0.00547985438104174,0.0108541619843299
"delta",1.44410284234837e-05,0.000853153984624525,4.55789901901179e-05,0.0107737841295965,0.0175551650134863,0.00278437362922452
"lambda",0.00520479640460334,-0.0798482842077776,-0.00547985438104174,0.0175551650134863,1.20674216007474,-0.0643223803038244
"luce",-0.0128329081820757,-0.0165589644206547,0.0108541619843299,0.00278437362922452,-0.0643223803038244,0.07694156185814
"alpha",0.0764622598668464,-0.000366164063649549,0.0071659197072898,-0.00030044581802044,0.00803427203029583,-0.0134538924332919
"beta",-0.000366164063649549,0.0706322295444071,0.00181050839752655,0.00199565573135606,-0.039683486789758,-0.00722678692676452
"gamma",0.0071659197072898,0.00181050839752655,0.0446728577974831,-0.000749876554757658,-0.0132275173392969,0.00292947231806838
"delta",-0.00030044581802044,0.00199565573135606,-0.000749876554757658,0.029520233924208,0.0279237732678984,0.00380666757157637
"lambda",0.00803427203029583,-0.039683486789758,-0.0132275173392969,0.0279237732678984,1.02531282577162,-0.110679896130855
"luce",-0.0134538924332919,-0.00722678692676452,0.00292947231806838,0.00380666757157637,-0.110679896130855,0.0718620536206223
"alpha",0.0684434611403465,0.00209899175676524,-0.00407139040215462,0.000733051092174508,0.00244125591747725,-0.00998771466873444
"beta",0.00209899175676524,0.0430823452644009,-0.00144113378099579,-0.00215834747326749,-0.0307616871541833,-0.0113544075114631
"gamma",-0.00407139040215462,-0.00144113378099579,0.0652759721922851,0.00536101782864097,-0.0084052029863884,0.00414386245784995
"delta",0.000733051092174508,-0.00215834747326749,0.00536101782864097,0.0399276332617842,-0.00382027044765953,-0.00103919078665476
"lambda",0.00244125591747725,-0.0307616871541833,-0.0084052029863884,-0.00382027044765953,0.405588099682862,-0.0524308836557978
"luce",-0.00998771466873444,-0.0113544075114631,0.00414386245784995,-0.00103919078665476,-0.0524308836557978,0.0585692231305397
"alpha",0.0658893493392541,0.00470976964123792,0.00276049751042738,-0.00137083659778575,0.0264648391008137,-0.0174944209355815
"beta",0.00470976964123792,0.0573697720820966,-0.00156049857186748,-0.000457440709996172,-0.0573813054122416,-0.0149503839317012
"gamma",0.00276049751042738,-0.00156049857186748,0.0638618855786798,0.00118997854116516,0.0053875664313533,0.00749594268301347
"delta",-0.00137083659778575,-0.000457440709996172,0.00118997854116516,0.0166086683938389,0.0161299924464575,0.00353545736587236
"lambda",0.0264648391008137,-0.0573813054122416,0.0053875664313533,0.0161299924464575,1.02127996267068,-0.050885261675476
"luce",-0.0174944209355815,-0.0149503839317012,0.00749594268301347,0.00353545736587236,-0.050885261675476,0.070245077958058
"alpha",0.0626818836289028,0.00183817968426403,0.0065866723688321,-0.00154410208077504,0.00382250152894367,-0.0120100083161233
"beta",0.00183817968426403,0.065936779784421,-0.00215873026645856,0.00104998401886704,-0.0763011769971844,-0.0113115289081323
"gamma",0.0065866723688321,-0.00215873026645856,0.0425373039014601,0.000974794784451758,-0.0106129583523074,0.00708107684983411
"delta",-0.00154410208077504,0.00104998401886704,0.000974794784451758,0.0428511593427084,0.0336150866191192,0.00323661197620306
"lambda",0.00382250152894367,-0.0763011769971844,-0.0106129583523074,0.0336150866191192,1.16347508715134,-0.0613443946928875
"luce",-0.0120100083161233,-0.0113115289081323,0.00708107684983411,0.00323661197620306,-0.0613443946928875,0.0518812596643428
"alpha",0.0530841618552639,0.00157893103748615,0.00538762962462289,0.000698224818045939,-0.00534828748112798,-0.00768051264746899
"beta",0.00157893103748615,0.0699587707737136,-0.00258929830124077,-0.00473683916478766,-0.071140147524725,-0.00498400971251679
"gamma",0.00538762962462289,-0.00258929830124077,0.0543919971861371,0.000207416818196285,-0.00877748695465826,0.00477272339895347
"delta",0.000698224818045939,-0.00473683916478766,0.000207416818196285,0.0424209948833971,0.024218473521146,0.000921086779692121
"lambda",-0.00534828748112798,-0.071140147524725,-0.00877748695465826,0.024218473521146,0.729937915754974,-0.0558283091943923
"luce",-0.00768051264746899,-0.00498400971251679,0.00477272339895347,0.000921086779692121,-0.0558283091943923,0.0356457677651386
"alpha",0.0714572460279694,0.00109233610364947,0.00444670171959514,-0.00125030875216651,-0.00211669750242235,-0.00780510479357325
"beta",0.00109233610364947,0.0527114382585126,-0.00393258909549429,-0.00603252413366008,-0.0281605318809485,-0.0060693869824628
"gamma",0.00444670171959514,-0.00393258909549429,0.0626115215486025,0.000386040768465523,-0.00319138843776738,0.000438973754896638
"delta",-0.00125030875216651,-0.00603252413366008,0.000386040768465523,0.04050505142268,0.00936025864287304,8.06165500989613e-05
"lambda",-0.00211669750242235,-0.0281605318809485,-0.00319138843776738,0.00936025864287304,0.305287107569839,-0.0246021488785603
"luce",-0.00780510479357325,-0.0060693869824628,0.000438973754896638,8.06165500989613e-05,-0.0246021488785603,0.0329683500191802
"alpha",0.0636523076939135,0.000585088721696735,-0.00793213649868393,-0.000314557236915904,0.0236938378193147,-0.0148554198181391
"beta",0.000585088721696735,0.0537903021453392,0.00251516880785451,-0.00243934046799128,-0.0705128022692138,-0.00811010439065158
"gamma",-0.00793213649868393,0.00251516880785451,0.0518777873251024,0.00136343644012746,-0.0121651410594469,-0.0043147831815077
"delta",-0.000314557236915904,-0.00243934046799128,0.00136343644012746,0.0118628277207714,-0.0101243635166381,-0.00118451941761149
"lambda",0.0236938378193147,-0.0705128022692138,-0.0121651410594469,-0.0101243635166381,1.03654550454621,-0.0832421715090602
"luce",-0.0148554198181391,-0.00811010439065158,-0.0043147831815077,-0.00118451941761149,-0.0832421715090602,0.0611725782831948
"alpha",0.0551220647122781,0.00154254948409126,0.00603221244036764,-0.000535425536626256,-0.00488897928507964,-0.00222462480796345
"beta",0.00154254948409126,0.0753830030318306,-0.000188250418420623,-0.00436213560432699,-0.0364617784246588,-0.00422770741004044
"gamma",0.00603221244036764,-0.000188250418420623,0.0519984546894663,0.0021538187686407,0.00370442423663515,0.00202588432939564
"delta",-0.000535425536626256,-0.00436213560432699,0.0021538187686407,0.00788085755394837,-0.0109861534803024,-0.00208979491048481
"lambda",-0.00488897928507964,-0.0364617784246588,0.00370442423663515,-0.0109861534803024,1.16654858739887,-0.0247207088196034
"luce",-0.00222462480796345,-0.00422770741004044,0.00202588432939564,-0.00208979491048481,-0.0247207088196034,0.0541213078109112
"alpha",0.0725625306046701,0.000581155912999463,-0.00341127374816547,-0.000766265784347444,-0.00698120192321946,-0.00199397881619123
"beta",0.000581155912999463,0.0751198536933822,0.0013358091190996,-0.0059394007790606,-0.0538642406419561,-0.00476069167139677
"gamma",-0.00341127374816547,0.0013358091190996,0.0571232459556584,0.00395947452329129,0.00718498743103005,-0.00208343352252172
"delta",-0.000766265784347444,-0.0059394007790606,0.00395947452329129,0.0170151691480924,0.0128661329932419,0.000743995139722148
"lambda",-0.00698120192321946,-0.0538642406419561,0.00718498743103005,0.0128661329932419,1.02927882078272,-0.0309183545964942
"luce",-0.00199397881619123,-0.00476069167139677,-0.00208343352252172,0.000743995139722148,-0.0309183545964942,0.0591034006984567
"alpha",0.0652620693444302,0.000171535778369938,-0.00589523060762881,-0.00317019794498348,-0.00623511587294679,-0.0154630392923967
"beta",0.000171535778369938,0.0691862922976027,0.000380139389942689,-2.94520721271084e-05,-0.0290701186323614,-0.00593272105866076
"gamma",-0.00589523060762881,0.000380139389942689,0.0247524090896685,0.00246208089430226,0.0115477498765896,-0.000413473212267955
"delta",-0.00317019794498348,-2.94520721271084e-05,0.00246208089430226,0.014630788565334,0.0145943128899059,-0.00186892638434408
"lambda",-0.00623511587294679,-0.0290701186323614,0.0115477498765896,0.0145943128899059,1.02518079072884,-0.0361607116737859
"luce",-0.0154630392923967,-0.00593272105866076,-0.000413473212267955,-0.00186892638434408,-0.0361607116737859,0.0690612868902173
"alpha",0.057614807781542,0.00215634587264093,0.00111583951139621,0.000819715147542123,0.00638598920766379,-0.00488373264154164
"beta",0.00215634587264093,0.03822841756775,0.000576753322405741,-0.00102361677484314,-0.0560279905439653,-0.00706227167130783
"gamma",0.00111583951139621,0.000576753322405741,0.0353501230401692,0.00455607469876092,0.00292027883515073,0.00212708789211492
"delta",0.000819715147542123,-0.00102361677484314,0.00455607469876092,0.0524140709833533,0.0252222615509554,0.00503631112112046
"lambda",0.00638598920766379,-0.0560279905439653,0.00292027883515073,0.0252222615509554,0.770439761457859,-0.0695828810056229
"luce",-0.00488373264154164,-0.00706227167130783,0.00212708789211492,0.00503631112112046,-0.0695828810056229,0.065636906762663
"alpha",0.0705142422703495,-0.00144934503579348,0.00554354896431866,-0.000262439009418313,0.0105605605303275,-0.00691162450950859
"beta",-0.00144934503579348,0.0630374861218997,0.00161940831463134,0.00380009103684178,-0.0721818266259534,-0.00822283696192465
"gamma",0.00554354896431866,0.00161940831463134,0.0353566998923995,0.0023935196289866,0.000861955160614736,0.00878876521430619
"delta",-0.000262439009418313,0.00380009103684178,0.0023935196289866,0.0326724965696801,0.036134959581168,0.00668126589268803
"lambda",0.0105605605303275,-0.0721818266259534,0.000861955160614736,0.036134959581168,1.19835673882793,-0.097770263579537
"luce",-0.00691162450950859,-0.00822283696192465,0.00878876521430619,0.00668126589268803,-0.097770263579537,0.0759455739464013
"alpha",0.070185255781348,0.000555311489384718,0.00424137802703942,0.000191919801726299,0.00606528712082749,-0.00579221790293812
"beta",0.000555311489384718,0.0439944221897307,0.000666578740501287,0.000316958879779582,-0.00776617761991557,-0.00583199388474503
"gamma",0.00424137802703942,0.000666578740501287,0.0410092696981681,0.00030508034582854,-0.00354425721604106,0.00623383038569115
"delta",0.000191919801726299,0.000316958879779582,0.00030508034582854,0.0114571629901134,0.0165072360651293,0.00325482645081881
"lambda",0.00606528712082749,-0.00776617761991557,-0.00354425721604106,0.0165072360651293,1.07758255584242,-0.0578082672937964
"luce",-0.00579221790293812,-0.00583199388474503,0.00623383038569115,0.00325482645081881,-0.0578082672937964,0.0714937688600659
"alpha",0.0536920260228269,0.00185039403081891,-0.00525526135923422,0.00105208417621354,0.00177097854632838,-0.00604217608840811
"beta",0.00185039403081891,0.0559106899510917,0.00061411572267268,-0.00296207121964037,-0.0322668231520561,-0.00535447077389719
"gamma",-0.00525526135923422,0.00061411572267268,0.0639961902635913,0.0014514766262272,-0.00311266934144439,0.00169743117775896
"delta",0.00105208417621354,-0.00296207121964037,0.0014514766262272,0.0614566228806456,0.010545190902347,0.000695422999206044
"lambda",0.00177097854632838,-0.0322668231520561,-0.00311266934144439,0.010545190902347,0.368912240565237,-0.0211208017662137
"luce",-0.00604217608840811,-0.00535447077389719,0.00169743117775896,0.000695422999206044,-0.0211208017662137,0.0235912970506429
"alpha",0.0618399274897295,-0.00164354821528381,0.00313019456083311,0.00113790630874931,-0.00048017158561023,-0.00182505044217082
"beta",-0.00164354821528381,0.0596261360252618,0.00016476860615997,-0.00464826735815815,-0.0428593008710645,-0.00562826345020279
"gamma",0.00313019456083311,0.00016476860615997,0.0523387228972387,0.000925926615561895,0.00441614939170768,0.00411628883335337
"delta",0.00113790630874931,-0.00464826735815815,0.000925926615561895,0.0228477585236592,0.0129325062856507,0.00228873579952151
"lambda",-0.00048017158561023,-0.0428593008710645,0.00441614939170768,0.0129325062856507,0.996579270590311,-0.0365297717658098
"luce",-0.00182505044217082,-0.00562826345020279,0.00411628883335337,0.00228873579952151,-0.0365297717658098,0.057136479076417
"alpha",0.0607330656188685,0.000504034853431125,-0.00450234116967563,-0.00106778686660161,0.0139051941177542,-0.0137613408002805
"beta",0.000504034853431125,0.0663118024896005,-0.0022935303881018,0.000664693635178303,-0.0805438252766444,-0.00890127143373641
"gamma",-0.00450234116967563,-0.0022935303881018,0.0694491409175388,0.0011113720605852,0.0126165241144186,-0.00104450718442073
"delta",-0.00106778686660161,0.000664693635178303,0.0011113720605852,0.0297108338677915,0.0117803641496108,0.000761858940256958
"lambda",0.0139051941177542,-0.0805438252766444,0.0126165241144186,0.0117803641496108,1.02443893626592,-0.0749688099088333
"luce",-0.0137613408002805,-0.00890127143373641,-0.00104450718442073,0.000761858940256958,-0.0749688099088333,0.049509933277287
"alpha",0.0761710669844171,0.000341832267197992,-0.0133108019793328,-0.000692401141469605,0.00747359232951155,-0.00625101419051814
"beta",0.000341832267197992,0.0465410180395403,0.00134560048613609,-0.00427616309851214,-0.0805877884092325,-0.0106418841040145
"gamma",-0.0133108019793328,0.00134560048613609,0.0412039228813147,-7.3864656022457e-06,-0.000619258090806029,-0.00768691535466758
"delta",-0.000692401141469605,-0.00427616309851214,-7.3864656022457e-06,0.0310810026720078,0.0271634110149361,0.00440538236838034
"lambda",0.00747359232951155,-0.0805877884092325,-0.000619258090806029,0.0271634110149361,1.10164527528286,-0.0656979530666446
"luce",-0.00625101419051814,-0.0106418841040145,-0.00768691535466758,0.00440538236838034,-0.0656979530666446,0.0739904533283665
"alpha",0.0524459577646267,0.0041521589726846,0.00454107618175548,-0.00193111438083741,-0.00199401124875661,-0.0101133385482064
"beta",0.0041521589726846,0.0678710405328218,-0.00211428862378523,-0.00216079721439515,-0.0658862998474669,-0.00996408285694322
"gamma",0.00454107618175548,-0.00211428862378523,0.0668950284923559,0.00207488922716269,-0.0150208588695292,0.00579256780458815
"delta",-0.00193111438083741,-0.00216079721439515,0.00207488922716269,0.0244403752470007,0.0311358862901331,0.00251541894799437
"lambda",-0.00199401124875661,-0.0658862998474669,-0.0150208588695292,0.0311358862901331,1.07554070492661,-0.0474853711335072
"luce",-0.0101133385482064,-0.00996408285694322,0.00579256780458815,0.00251541894799437,-0.0474853711335072,0.0373575393943919
"alpha",0.0637346222568629,0.000499596337343544,0.00542231666039422,-0.000757637043874802,0.0198867117715645,-0.000831770265332712
"beta",0.000499596337343544,0.0338334882372552,0.0012608466879738,-0.00637522757874858,-0.0168867155589032,-0.00165007625798884
"gamma",0.00542231666039422,0.0012608466879738,0.0308237444653173,0.000586866809436469,0.0118268315720761,0.00574115610458632
"delta",-0.000757637043874802,-0.00637522757874858,0.000586866809436469,0.0196629976428355,0.00251770158079601,0.00114002358131323
"lambda",0.0198867117715645,-0.0168867155589032,0.0118268315720761,0.00251770158079601,0.983750491581837,-0.0212170646780788
"luce",-0.000831770265332712,-0.00165007625798884,0.00574115610458632,0.00114002358131323,-0.0212170646780788,0.0537887519393371
"alpha",0.0648275932357169,0.000302374462106643,-0.00349572858997425,-1.06191562256254e-05,-0.00146441542130483,-0.00320619153932293
"beta",0.000302374462106643,0.0699020327200475,0.000856449166894359,-0.0182726933353293,-0.0633846442887122,-0.0124887249517612
"gamma",-0.00349572858997425,0.000856449166894359,0.0522654611454841,0.00114873319695766,0.00565581045406069,0.00170930998722061
"delta",-1.06191562256254e-05,-0.0182726933353293,0.00114873319695766,0.0184730756449418,0.0240314563389809,0.0037816380812257
"lambda",-0.00146441542130483,-0.0633846442887122,0.00565581045406069,0.0240314563389809,1.03174229700609,-0.0244450562007689
"luce",-0.00320619153932293,-0.0124887249517612,0.00170930998722061,0.0037816380812257,-0.0244450562007689,0.057139106371006
"alpha",0.0693989410969621,0.00231522809360778,0.00651525457545251,0.000690627358902617,0.0115337279626985,-0.0113837870887421
"beta",0.00231522809360778,0.0577192320357326,-0.0019684775170458,-0.00390890407594062,-0.0788930039239162,-0.0116272039836425
"gamma",0.00651525457545251,-0.0019684775170458,0.0511012895739811,0.00304679086136767,0.00886060023722207,0.00798479331561393
"delta",0.000690627358902617,-0.00390890407594062,0.00304679086136767,0.029151353260868,0.0355038564263717,0.0063362623834644
"lambda",0.0115337279626985,-0.0788930039239162,0.00886060023722207,0.0355038564263717,1.16490525450965,-0.0683760854144936
"luce",-0.0113837870887421,-0.0116272039836425,0.00798479331561393,0.0063362623834644,-0.0683760854144936,0.0686853653835685
"alpha",0.071771390206073,-0.000952133260022942,-0.00788302892003474,-0.00541216109212569,-0.0113893856951991,-0.00565533954880095
"beta",-0.000952133260022942,0.0704228913431472,0.00266669527587393,-0.00401367071228721,-0.0258674428018597,-0.00745470570929496
"gamma",-0.00788302892003474,0.00266669527587393,0.0486682605699755,0.00292014471517831,0.00474624109027161,-0.00104230068811117
"delta",-0.00541216109212569,-0.00401367071228721,0.00292014471517831,0.0209608779099334,0.0192925001584952,-0.000838223574417829
"lambda",-0.0113893856951991,-0.0258674428018597,0.00474624109027161,0.0192925001584952,0.943918260392011,-0.0184168283790487
"luce",-0.00565533954880095,-0.00745470570929496,-0.00104230068811117,-0.000838223574417829,-0.0184168283790487,0.0527921520447744
"alpha",0.0660303939447721,-9.28638299035251e-05,-0.00419125950894821,-0.00116739756097299,-0.0105726720362916,-0.0038953822678934
"beta",-9.28638299035251e-05,0.0664035746162838,0.00190540876360524,-0.00330986196192605,-0.0132858582857596,-0.00369969408640229
"gamma",-0.00419125950894821,0.00190540876360524,0.0468449027558822,0.00540558552336077,0.0250936303047423,0.00383427274673405
"delta",-0.00116739756097299,-0.00330986196192605,0.00540558552336077,0.0134781919826709,0.0218247798754673,0.00288329354055164
"lambda",-0.0105726720362916,-0.0132858582857596,0.0250936303047423,0.0218247798754673,0.798788609705219,-0.0172297463778008
"luce",-0.0038953822678934,-0.00369969408640229,0.00383427274673405,0.00288329354055164,-0.0172297463778008,0.0479875541803946
"alpha",0.0686908882668715,0.00214888912239296,-0.00189877677298261,-0.00108131426885272,0.00530825017417307,-0.00891184479287373
"beta",0.00214888912239296,0.0703457092182299,-0.00120607564364593,-0.0110366859084503,-0.0640858004544223,-0.0073120217696332
"gamma",-0.00189877677298261,-0.00120607564364593,0.0742077477821686,0.00447311635436478,-0.00766432967931341,0.00465779000189028
"delta",-0.00108131426885272,-0.0110366859084503,0.00447311635436478,0.0396983584509794,0.0234505173641649,0.00210929691912867
"lambda",0.00530825017417307,-0.0640858004544223,-0.00766432967931341,0.0234505173641649,0.691658529328631,-0.0536849831516817
"luce",-0.00891184479287373,-0.0073120217696332,0.00465779000189028,0.00210929691912867,-0.0536849831516817,0.0429546786351532
"alpha",0.0659058051798685,-0.000145141500445257,-0.00453917736197804,0.00195737065420074,-0.00790311373144521,-0.0131500127990719
"beta",-0.000145141500445257,0.058182554667166,0.00334051065153153,0.00376828073343371,-0.0312920255489603,-0.0053007294323724
"gamma",-0.00453917736197804,0.00334051065153153,0.0379968685428415,0.00120717642045347,0.0137709270184117,-0.00044519773064101
"delta",0.00195737065420074,0.00376828073343371,0.00120717642045347,0.0379065296534025,0.012498497174621,0.00220012748299204
"lambda",-0.00790311373144521,-0.0312920255489603,0.0137709270184117,0.012498497174621,0.812524098719675,-0.0155607641863433
"luce",-0.0131500127990719,-0.0053007294323724,-0.00044519773064101,0.00220012748299204,-0.0155607641863433,0.059703305878655
"alpha",0.0664686728030942,-0.00297202726923934,-0.00331291138319506,0.000791224255890294,-0.00975739461732973,-0.00918886487231665
"beta",-0.00297202726923934,0.0759108428100684,-0.00194232442190012,-0.00603970808184888,0.00400673798668296,0.00356257551997176
"gamma",-0.00331291138319506,-0.00194232442190012,0.0363001106897397,0.00034044628814311,-0.00203143149832616,0.00257925367790879
"delta",0.000791224255890294,-0.00603970808184888,0.00034044628814311,0.0106926428647341,-0.0235318016977231,-0.00434074244235373
"lambda",-0.00975739461732973,0.00400673798668296,-0.00203143149832616,-0.0235318016977231,1.21843094430596,-0.020810893490671
"luce",-0.00918886487231665,0.00356257551997176,0.00257925367790879,-0.00434074244235373,-0.020810893490671,0.0669936642276377
"alpha",0.063674298422384,-0.000577071973861014,-0.00813367522826637,-0.00259292632805618,0.00664128697701734,-0.0158101680017389
"beta",-0.000577071973861014,0.0705786028682729,0.00133268115473343,-0.00294930930645637,-0.0498950174241444,-0.00954324572249866
"gamma",-0.00813367522826637,0.00133268115473343,0.0383155442291312,0.00332685348297868,0.00411386219646301,-0.00659696148023144
"delta",-0.00259292632805618,-0.00294930930645637,0.00332685348297868,0.0213283952550019,0.00241747810493136,-0.00346338075273578
"lambda",0.00664128697701734,-0.0498950174241444,0.00411386219646301,0.00241747810493136,1.04585060936082,-0.0474130792693078
"luce",-0.0158101680017389,-0.00954324572249866,-0.00659696148023144,-0.00346338075273578,-0.0474130792693078,0.0738275473029378
"alpha",0.0603630100128582,0.00144130107395215,-0.00312020653834026,-0.00144728186498049,0.00743373288889192,-0.0198234981345999
"beta",0.00144130107395215,0.0721927601524871,-0.00131571713744741,-0.00272178866544443,-0.0398375796379862,-0.00992939589672727
"gamma",-0.00312020653834026,-0.00131571713744741,0.0596823383434286,0.00372282881866181,-0.00262379868307706,-0.00166769992623033
"delta",-0.00144728186498049,-0.00272178866544443,0.00372282881866181,0.0149651704237362,-0.0135475899236408,-0.00502756133937305
"lambda",0.00743373288889192,-0.0398375796379862,-0.00262379868307706,-0.0135475899236408,1.10432372515634,-0.037962366264822
"luce",-0.0198234981345999,-0.00992939589672727,-0.00166769992623033,-0.00502756133937305,-0.037962366264822,0.074666131167446
"alpha",0.0581451378475862,0.00291674345936486,-0.0019839402271006,5.86669341345722e-05,0.00122077315813251,-0.0159013175329024
"beta",0.00291674345936486,0.0570377354167084,0.00115968079051837,-0.00999434960633903,-0.0334647300698491,-0.0125856903668321
"gamma",-0.0019839402271006,0.00115968079051837,0.0619174244254965,0.00119513572976168,0.003684257699213,-0.000179462129876775
"delta",5.86669341345722e-05,-0.00999434960633903,0.00119513572976168,0.0203257899639104,0.00508859142975836,0.0013967928093002
"lambda",0.00122077315813251,-0.0334647300698491,0.003684257699213,0.00508859142975836,0.998155984650533,-0.0467020808474364
"luce",-0.0159013175329024,-0.0125856903668321,-0.000179462129876775,0.0013967928093002,-0.0467020808474364,0.0709144853764038
"alpha",0.0669601434948039,0.00267294635496295,0.000602009573124521,-0.000650109157766536,-0.00709840801365114,-0.00809340131181974
"beta",0.00267294635496295,0.0745548824327164,-0.00226105328929362,-0.00978390484056136,-0.0575558526632463,-0.0101094609994154
"gamma",0.000602009573124521,-0.00226105328929362,0.0598294834628677,0.00155732689624205,0.00531904274732803,0.00588732333835057
"delta",-0.000650109157766536,-0.00978390484056136,0.00155732689624205,0.0199892208000574,0.0043130891857874,0.000869991023839952
"lambda",-0.00709840801365114,-0.0575558526632463,0.00531904274732803,0.0043130891857874,0.990503891355379,-0.07759123258944
"luce",-0.00809340131181974,-0.0101094609994154,0.00588732333835057,0.000869991023839952,-0.07759123258944,0.0659135766734725
"alpha",0.0732772236415378,0.00176054450604309,-0.00326749884261307,-0.00152759941158231,0.010524376850904,-0.0146602905833673
"beta",0.00176054450604309,0.0487225229303212,-0.000760191014926748,-0.00182957990571076,-0.0610397365520087,-0.00684206609265734
"gamma",-0.00326749884261307,-0.000760191014926748,0.0385597339559491,0.000130178093716534,0.00968545452567909,-0.00377916525910778
"delta",-0.00152759941158231,-0.00182957990571076,0.000130178093716534,0.0147573570161831,0.0174166597404594,0.00248994922099498
"lambda",0.010524376850904,-0.0610397365520087,0.00968545452567909,0.0174166597404594,1.10944885721144,-0.0711644468324354
"luce",-0.0146602905833673,-0.00684206609265734,-0.00377916525910778,0.00248994922099498,-0.0711644468324354,0.066841508967728
"alpha",0.0688722335661788,-8.63297995752029e-05,0.0123339433701852,0.000131438543366532,0.000155219333984642,-0.00658245762653127
"beta",-8.63297995752029e-05,0.0725627115734882,-0.00357599189682335,-0.00367043705641512,-0.0451406503397176,-0.00773795936564512
"gamma",0.0123339433701852,-0.00357599189682335,0.058598536568957,0.00245345860213989,0.00052788126286107,0.0113707923858237
"delta",0.000131438543366532,-0.00367043705641512,0.00245345860213989,0.0130184886980224,-0.000505654189996872,-0.0021464114428917
"lambda",0.000155219333984642,-0.0451406503397176,0.00052788126286107,-0.000505654189996872,1.09899976283366,-0.0498129825369163
"luce",-0.00658245762653127,-0.00773795936564512,0.0113707923858237,-0.0021464114428917,-0.0498129825369163,0.0668012393383016
"alpha",0.0502547593184804,0.00316847849271371,0.00255860572221082,-0.00113853536131857,0.0121994066216256,-0.0133676200835851
"beta",0.00316847849271371,0.0626478757783016,-0.000579764869697436,0.00249378787339241,-0.0761316447993612,-0.0135276476510511
"gamma",0.00255860572221082,-0.000579764869697436,0.0357488825788743,0.000686147387939876,0.00677231703087303,0.0049218337441393
"delta",-0.00113853536131857,0.00249378787339241,0.000686147387939876,0.0243565832177968,0.0164304456324139,0.00555866611178631
"lambda",0.0121994066216256,-0.0761316447993612,0.00677231703087303,0.0164304456324139,1.08065798194046,-0.0501755922281953
"luce",-0.0133676200835851,-0.0135276476510511,0.0049218337441393,0.00555866611178631,-0.0501755922281953,0.0659216278617077
"alpha",0.0684480972465046,0.00392525027515402,0.00330274123508582,0.000409711615212568,0.00146464615668309,-0.0141712550449663
"beta",0.00392525027515402,0.0479910577699314,0.000406236100456372,0.000232271456898209,-0.0772528717426957,-0.011833588074642
"gamma",0.00330274123508582,0.000406236100456372,0.0453144799592793,0.00119674355037568,-0.00278718228785874,0.0043636931394293
"delta",0.000409711615212568,0.000232271456898209,0.00119674355037568,0.0400499611263349,0.0354128714476043,0.00450841264046362
"lambda",0.00146464615668309,-0.0772528717426957,-0.00278718228785874,0.0354128714476043,1.16543923092981,-0.0779281275933136
"luce",-0.0141712550449663,-0.011833588074642,0.0043636931394293,0.00450841264046362,-0.0779281275933136,0.0773902460210602
"alpha",0.0651560195201082,0.000106261188706221,0.00918984726356924,-0.00135720579658117,0.00392183810331492,-0.0135099066552104
"beta",0.000106261188706221,0.0528700001336321,-0.0016093841842364,-0.00316788183745489,-0.0627457630968431,-0.0122171078030054
"gamma",0.00918984726356924,-0.0016093841842364,0.0549471414263114,0.00173771209568818,-0.0174258285765669,0.00951568487965654
"delta",-0.00135720579658117,-0.00316788183745489,0.00173771209568818,0.0399537742845958,0.0389353801461426,0.00398647503550897
"lambda",0.00392183810331492,-0.0627457630968431,-0.0174258285765669,0.0389353801461426,1.08848149452469,-0.104340728035048
"luce",-0.0135099066552104,-0.0122171078030054,0.00951568487965654,0.00398647503550897,-0.104340728035048,0.0774872906793455
"alpha",0.0640898584306483,-0.00187187367581652,-0.00756715941594162,-0.00131481779988432,-0.011075786057948,-0.0031962402718965
"beta",-0.00187187367581652,0.0599914520345054,0.000792965982057442,-0.00285307334065247,-0.0719946556238825,-0.012159456134405
"gamma",-0.00756715941594162,0.000792965982057442,0.0324538732434433,0.000731972924001997,0.00282501613911633,-0.00190531339701175
"delta",-0.00131481779988432,-0.00285307334065247,0.000731972924001997,0.0155940083112804,0.0244455460444283,0.00286203358176355
"lambda",-0.011075786057948,-0.0719946556238825,0.00282501613911633,0.0244455460444283,1.17471224062941,-0.0695244118824413
"luce",-0.0031962402718965,-0.012159456134405,-0.00190531339701175,0.00286203358176355,-0.0695244118824413,0.0623970530480684
"alpha",0.0690823720549265,0.00194202282809351,0.00132064956386384,-0.00197835057409058,-0.00263768546767417,-0.00441763136586781
"beta",0.00194202282809351,0.0738085519808138,0.000612857576453736,-0.00371443875106492,-0.0355662573480443,-0.00718850580303884
"gamma",0.00132064956386384,0.000612857576453736,0.0578195842185831,0.00205440819996834,-0.0152169745370564,0.0034682958095075
"delta",-0.00197835057409058,-0.00371443875106492,0.00205440819996834,0.0120250267168008,-0.0126232652387431,-0.00149063038110995
"lambda",-0.00263768546767417,-0.0355662573480443,-0.0152169745370564,-0.0126232652387431,1.1157479215232,-0.036055722497443
"luce",-0.00441763136586781,-0.00718850580303884,0.0034682958095075,-0.00149063038110995,-0.036055722497443,0.056930112357552
"alpha",0.0511284228416171,0.00238508598404945,0.00151661200899674,-0.00143962714799797,0.0103091417842696,-0.0132194154859285
"beta",0.00238508598404945,0.0317212022409778,0.00177233471547157,-0.00605954369017997,-0.0143898917553031,-0.00520614436089862
"gamma",0.00151661200899674,0.00177233471547157,0.0555607393891263,-0.00149517079334446,0.000904025005677941,0.00624882805466685
"delta",-0.00143962714799797,-0.00605954369017997,-0.00149517079334446,0.0186980688829336,0.00176992083657524,0.000953264971764633
"lambda",0.0103091417842696,-0.0143898917553031,0.000904025005677941,0.00176992083657524,1.01138627126008,-0.0630868596913079
"luce",-0.0132194154859285,-0.00520614436089862,0.00624882805466685,0.000953264971764633,-0.0630868596913079,0.062850233704574
"alpha",0.0685212351478527,0.00203429594088027,-0.00600681505554669,-0.000107900274960482,0.0149432876031057,-0.0147165472304604
"beta",0.00203429594088027,0.0628296067212534,0.00276596815770309,0.00243888936024235,-0.0693028200436653,-0.0134095289348779
"gamma",-0.00600681505554669,0.00276596815770309,0.0528286435970822,-0.000203734149085823,0.00312684969254073,0.000568662825481941
"delta",-0.000107900274960482,0.00243888936024235,-0.000203734149085823,0.0181491803909998,0.0143382425440403,0.00277233485526382
"lambda",0.0149432876031057,-0.0693028200436653,0.00312684969254073,0.0143382425440403,1.12583744925243,-0.0691395810693967
"luce",-0.0147165472304604,-0.0134095289348779,0.000568662825481941,0.00277233485526382,-0.0691395810693967,0.0670512943672965
"alpha",0.0645953465280341,0.00234359554305008,-0.0104022081045517,-0.00301337872353983,-0.00224579646368051,-0.0117522543968806
"beta",0.00234359554305008,0.0514686380702286,0.00359334959459106,-0.00313423816041395,-0.0718362051659071,-0.0153778522639547
"gamma",-0.0104022081045517,0.00359334959459106,0.0422393290758847,0.00043632918805938,0.00648715621231217,-0.0042348723707058
"delta",-0.00301337872353983,-0.00313423816041395,0.00043632918805938,0.0265106278964673,0.0222707650823671,0.00170839009837797
"lambda",-0.00224579646368051,-0.0718362051659071,0.00648715621231217,0.0222707650823671,1.07302304636608,-0.0392448036367024
"luce",-0.0117522543968806,-0.0153778522639547,-0.0042348723707058,0.00170839009837797,-0.0392448036367024,0.0703213856012632
"alpha",0.0475422084169567,-6.04920454025491e-05,-0.000253745746988867,-0.000222711084314832,0.0149219356819314,-0.00468622215956117
"beta",-6.04920454025491e-05,0.0493255035812971,-0.000339356252898109,-0.00119763738146901,-0.0550824197109659,-0.00324136466505449
"gamma",-0.000253745746988867,-0.000339356252898109,0.0679128773195911,0.00403357257475804,0.000436761895276372,0.000140880794150871
"delta",-0.000222711084314832,-0.00119763738146901,0.00403357257475804,0.039824664645919,0.0132120141174026,0.000415027555496615
"lambda",0.0149219356819314,-0.0550824197109659,0.000436761895276372,0.0132120141174026,0.633537554686871,-0.0260464267824172
"luce",-0.00468622215956117,-0.00324136466505449,0.000140880794150871,0.000415027555496615,-0.0260464267824172,0.019270446114925
"alpha",0.0479952477861443,0.00321958575805395,5.67906718256391e-05,0.0027585379912205,-0.000606467698263396,0.00404061988537538
"beta",0.00321958575805395,0.0638674764275116,0.000546282539652115,0.00273252661118601,-0.0812831057881234,-0.00471097039902061
"gamma",5.67906718256391e-05,0.000546282539652115,0.0273912384170303,0.000558582360554358,-0.00461258048241829,0.00392149852796515
"delta",0.0027585379912205,0.00273252661118601,0.000558582360554358,0.0392580235049165,0.00416645616773323,0.00319298062249473
"lambda",-0.000606467698263396,-0.0812831057881234,-0.00461258048241829,0.00416645616773323,0.74508155118218,-0.0827993609937183
"luce",0.00404061988537538,-0.00471097039902061,0.00392149852796515,0.00319298062249473,-0.0827993609937183,0.0740210110798462
"alpha",0.052966480725293,0.00269788693327824,-0.00544647462855512,0.00057373590639829,0.0133999139946007,-0.0177035280904721
"beta",0.00269788693327824,0.0759105992308175,-0.000791973493604085,-0.00269606875981669,-0.0329579690003179,-0.00763601946776718
"gamma",-0.00544647462855512,-0.000791973493604085,0.0640105226397294,0.000527747092369436,0.00313860600255624,-0.00115835083096949
"delta",0.00057373590639829,-0.00269606875981669,0.000527747092369436,0.00602908668097642,-0.0117004328340726,-0.00274365631987231
"lambda",0.0133999139946007,-0.0329579690003179,0.00313860600255624,-0.0117004328340726,1.18999237068953,-0.0241166564375123
"luce",-0.0177035280904721,-0.00763601946776718,-0.00115835083096949,-0.00274365631987231,-0.0241166564375123,0.0714221137252166
"alpha",0.0745634536953954,0.00195514244386772,0.00255813611378385,-0.00104756385205063,0.0173628735367544,-0.0120729502997249
"beta",0.00195514244386772,0.0431755674003659,-0.00109155866192622,-0.00285332742469647,-0.0892118246745724,-0.01137108855156
"gamma",0.00255813611378385,-0.00109155866192622,0.0410384835133567,0.00131117416181917,0.0137469751633463,0.00279153790557561
"delta",-0.00104756385205063,-0.00285332742469647,0.00131117416181917,0.0248760879763204,0.0319380346053446,0.00682404154862317
"lambda",0.0173628735367544,-0.0892118246745724,0.0137469751633463,0.0319380346053446,1.22730828374927,-0.0302250250752221
"luce",-0.0120729502997249,-0.01137108855156,0.00279153790557561,0.00682404154862317,-0.0302250250752221,0.071955561000815
"alpha",0.0713554054950348,0.000630035757812347,0.00721739056561321,0.0019934544994554,0.00601455236886794,-0.00291795753545997
"beta",0.000630035757812347,0.0670875485999096,0.00276839092109035,-0.00524009913940196,-0.0251183377981033,-0.00608836670753729
"gamma",0.00721739056561321,0.00276839092109035,0.050960090259508,0.00347763664267564,0.0202386961624149,0.00763671019937595
"delta",0.0019934544994554,-0.00524009913940196,0.00347763664267564,0.0171621536306868,0.0105462093611817,0.00117254124184036
"lambda",0.00601455236886794,-0.0251183377981033,0.0202386961624149,0.0105462093611817,0.807029797786769,-0.0138776688144703
"luce",-0.00291795753545997,-0.00608836670753729,0.00763671019937595,0.00117254124184036,-0.0138776688144703,0.0514009713506162
"alpha",0.0593833308829892,0.00468959429455112,0.00101846507330272,9.10573518884601e-05,0.00673617754911929,-0.0167621827508591
"beta",0.00468959429455112,0.0582610044268825,0.00169957600846567,0.000660067335763624,-0.0552716831060974,-0.0112770808052354
"gamma",0.00101846507330272,0.00169957600846567,0.0644763091217835,0.00134703627313531,0.00655260590618722,0.00666931324773881
"delta",9.10573518884601e-05,0.000660067335763624,0.00134703627313531,0.0243113958552079,0.0136530392699726,0.00337604410685081
"lambda",0.00673617754911929,-0.0552716831060974,0.00655260590618722,0.0136530392699726,0.979864832732938,-0.056881240646299
"luce",-0.0167621827508591,-0.0112770808052354,0.00666931324773881,0.00337604410685081,-0.056881240646299,0.0694934973955464
"alpha",0.0733760695458195,0.00346203926691307,-0.012302079891973,-0.000400091249074468,-0.00224753002288399,-0.00143962262415049
"beta",0.00346203926691307,0.0689789516902457,0.00127727666682721,-0.00717063283113709,-0.0272783310705588,-0.00117852946766295
"gamma",-0.012302079891973,0.00127727666682721,0.0433588386666114,0.00210200679758486,0.00756046608000862,-7.60372305492689e-05
"delta",-0.000400091249074468,-0.00717063283113709,0.00210200679758486,0.0120855399275027,0.00581065413554747,0.00280559898468079
"lambda",-0.00224753002288399,-0.0272783310705588,0.00756046608000862,0.00581065413554747,0.779217564698926,-0.0276714293748209
"luce",-0.00143962262415049,-0.00117852946766295,-7.60372305492689e-05,0.00280559898468079,-0.0276714293748209,0.0420830675525386
"alpha",0.0615377450022093,0.000268369313923815,0.00184348026212079,-0.000915316553033496,0.00520456886186178,-0.0166108355131117
"beta",0.000268369313923815,0.0575335325707416,0.00404420146740578,-0.00979459742997531,-0.0151098737975958,-0.00853863182956698
"gamma",0.00184348026212079,0.00404420146740578,0.0694444016337871,0.00266372275663801,0.00409299938553571,0.000136172495354165
"delta",-0.000915316553033496,-0.00979459742997531,0.00266372275663801,0.0262087622779412,0.014693189659225,0.00738139896470947
"lambda",0.00520456886186178,-0.0151098737975958,0.00409299938553571,0.014693189659225,0.946231785379223,-0.0394831240281751
"luce",-0.0166108355131117,-0.00853863182956698,0.000136172495354165,0.00738139896470947,-0.0394831240281751,0.0764994847622284
"alpha",0.0627099806956826,0.00415112517361268,0.00510059571484362,0.00152530044672593,-0.00102226507076874,-0.0131089293404477
"beta",0.00415112517361268,0.0519344403716782,-0.00163871829780851,-0.00741782309260517,-0.0905325127796458,-0.0155960535829305
"gamma",0.00510059571484362,-0.00163871829780851,0.0565322136140386,0.00333486199986751,0.00129112904241737,0.00628965870978301
"delta",0.00152530044672593,-0.00741782309260517,0.00333486199986751,0.0393390228003626,0.0398033118535363,0.00823852941712962
"lambda",-0.00102226507076874,-0.0905325127796458,0.00129112904241737,0.0398033118535363,1.17256626651104,-0.0414349139380383
"luce",-0.0131089293404477,-0.0155960535829305,0.00628965870978301,0.00823852941712962,-0.0414349139380383,0.071417778385471
"alpha",0.0694639182942697,-0.00086005264871127,-0.00345920354265715,-0.000207412512426076,0.00842730357587379,-0.0102889240594644
"beta",-0.00086005264871127,0.0760173761322912,0.000136858276218715,-0.00331758246135246,-0.037771563967972,-0.00978736723598471
"gamma",-0.00345920354265715,0.000136858276218715,0.0288727681791184,0.001373187878473,0.00306652705064249,-0.00413642960830922
"delta",-0.000207412512426076,-0.00331758246135246,0.001373187878473,0.00851668001044869,-0.00628567627334067,-0.00271271934501743
"lambda",0.00842730357587379,-0.037771563967972,0.00306652705064249,-0.00628567627334067,1.11839781604611,-0.0406405461304572
