"","alpha","beta","gamma","delta","lambda","luce"
"",0,0,0,0,0,0
"alpha",0.0249451456334065,0.0048034476373102,0.00819888832804691,0.000224347284314018,0.0195354745447284,-0.00304801856707325
"beta",0.0048034476373102,0.00861611869289696,0.00495955133486845,-0.000899143824015357,-0.0280167737587714,-0.00314610155644506
"gamma",0.00819888832804691,0.00495955133486845,0.0309092336143701,-0.00127554297528074,-0.0118562882898815,-0.000894192155559388
"delta",0.000224347284314018,-0.000899143824015357,-0.00127554297528074,0.00634907404741979,0.00212052719137024,-1.77047440073003e-07
"lambda",0.0195354745447284,-0.0280167737587714,-0.0118562882898815,0.00212052719137024,0.95530678564197,-0.00535141633747681
"luce",-0.00304801856707325,-0.00314610155644506,-0.000894192155559388,-1.77047440073003e-07,-0.00535141633747681,0.0683104365581266
"alpha",0.0127041997317311,0.00547103939502676,0.000833196189743305,0.00345982460979283,0.0186758000189604,-0.0118953778207874
"beta",0.00547103939502676,0.0099220681174102,0.00345299704138422,0.00248703954586663,-0.0518380520431157,-0.00219730740592743
"gamma",0.000833196189743305,0.00345299704138422,0.0145614612991588,9.16989632590205e-05,-0.00900709478301861,-1.5642090120012e-05
"delta",0.00345982460979283,0.00248703954586663,9.16989632590205e-05,0.0126756576885132,-0.00395887852612174,-0.00340130365612197
"lambda",0.0186758000189604,-0.0518380520431157,-0.00900709478301861,-0.00395887852612174,1.2155008642507,-0.0909040796496792
"luce",-0.0118953778207874,-0.00219730740592743,-1.5642090120012e-05,-0.00340130365612197,-0.0909040796496792,0.073179062423297
"alpha",0.0447420874372206,0.000282634377714951,-0.020713311471948,0.000135388281557376,-0.000931242619803471,-0.00633650098886193
"beta",0.000282634377714951,0.00338367301998896,0.000968441563620113,0.00113394824746164,-0.00806788973598336,-0.000102952680245463
"gamma",-0.020713311471948,0.000968441563620113,0.0639839612687291,0.000279370223978093,0.000490413445000698,0.00182749202270946
"delta",0.000135388281557376,0.00113394824746164,0.000279370223978093,0.0125676003012036,0.00695602751377204,-5.10787936515835e-05
"lambda",-0.000931242619803471,-0.00806788973598336,0.000490413445000698,0.00695602751377204,1.17540812995175,-0.0227289117802723
"luce",-0.00633650098886193,-0.000102952680245463,0.00182749202270946,-5.10787936515835e-05,-0.0227289117802723,0.0780745710045457
"alpha",0.0532460619110076,-0.000663594346343931,-0.0322104081870806,0.000890818168568669,0.00839892613721967,-0.00410921282381714
"beta",-0.000663594346343931,0.0199490852827867,0.000530399136455392,0.000690356065104735,-0.049479350324144,-0.00624217786627235
"gamma",-0.0322104081870806,0.000530399136455392,0.0901572486052314,-0.00222194785620414,-0.0147010196719679,-0.00243812098897811
"delta",0.000890818168568669,0.000690356065104735,-0.00222194785620414,0.0323873753876555,0.012269282718735,0.00119641773196708
"lambda",0.00839892613721967,-0.049479350324144,-0.0147010196719679,0.012269282718735,1.21505621629106,-0.0553704689942377
"luce",-0.00410921282381714,-0.00624217786627235,-0.00243812098897811,0.00119641773196708,-0.0553704689942377,0.0763212332403353
"alpha",0.0502173025479805,0.00374662863559759,-0.0232285001161954,0.00431026876297567,0.0132889902749851,-0.00512310589391968
"beta",0.00374662863559759,0.0118409555604917,0.000855627670522109,0.000815845416460354,-0.0418742591520687,-0.00777343787879232
"gamma",-0.0232285001161954,0.000855627670522109,0.0535208131868378,-0.00372057306012658,-0.0128308190819913,-0.00418907101450093
"delta",0.00431026876297567,0.000815845416460354,-0.00372057306012658,0.0278063007619124,0.0127632300474338,0.00211584058295245
"lambda",0.0132889902749851,-0.0418742591520687,-0.0128308190819913,0.0127632300474338,1.17325683538405,-0.00752744653612544
"luce",-0.00512310589391968,-0.00777343787879232,-0.00418907101450093,0.00211584058295245,-0.00752744653612544,0.0691509588879459
"alpha",0.0429209949448088,0.00276628895906527,-0.0153563049373159,0.00627036750570695,-0.0052212407529213,-0.0100710350779236
"beta",0.00276628895906527,0.0757257224947303,0.013508654645288,-0.0308427396611085,-0.0416633969383465,-0.00394740766688599
"gamma",-0.0153563049373159,0.013508654645288,0.0573274835954705,-0.00526655019056279,-0.0215616736503135,-0.00492503710303639
"delta",0.00627036750570695,-0.0308427396611085,-0.00526655019056279,0.061930392679512,-0.0453106474096307,-0.00698973542753103
"lambda",-0.0052212407529213,-0.0416633969383465,-0.0215616736503135,-0.0453106474096307,1.29856592715247,-0.0267490616757902
"luce",-0.0100710350779236,-0.00394740766688599,-0.00492503710303639,-0.00698973542753103,-0.0267490616757902,0.0734757022682844
"alpha",0.0561012556636371,-0.00245550756330259,-0.0269089410146175,0.00250290368795682,-0.00273511154795008,-0.00322995837659329
"beta",-0.00245550756330259,0.0738816890577169,0.00167713409376357,-0.0357769108648767,0.0228857876717137,0.00312216080218807
"gamma",-0.0269089410146175,0.00167713409376357,0.05691578923879,-0.00231182888047462,0.00862164439284101,-0.0029709907369426
"delta",0.00250290368795682,-0.0357769108648767,-0.00231182888047462,0.0615808997093879,-0.0572061559426304,-0.0100482830128238
"lambda",-0.00273511154795008,0.0228857876717137,0.00862164439284101,-0.0572061559426304,1.34897326938988,-0.00226938138760256
"luce",-0.00322995837659329,0.00312216080218807,-0.0029709907369426,-0.0100482830128238,-0.00226938138760256,0.0856566987811064
"alpha",0.0605549960625744,0.000390201487084145,-0.033971311371205,0.00174048050824455,0.00631079817772743,-0.00538193510276617
"beta",0.000390201487084145,0.0641519953529675,0.00148205673222787,-0.030073913294188,-0.0310806875291722,-0.0018222538811346
"gamma",-0.033971311371205,0.00148205673222787,0.0717022620609855,-0.000604908874453953,0.00982252227538237,-0.00415465156135449
"delta",0.00174048050824455,-0.030073913294188,-0.000604908874453953,0.0595503210671098,-0.0742317081061161,-0.0130138297857255
"lambda",0.00631079817772743,-0.0310806875291722,0.00982252227538237,-0.0742317081061161,1.31887046148775,0.000667044486551527
"luce",-0.00538193510276617,-0.0018222538811346,-0.00415465156135449,-0.0130138297857255,0.000667044486551527,0.0815532655062872
"alpha",0.0540194568628188,0.000181730069917183,-0.0231724374030821,0.00575656682719282,-0.0025316913369114,-0.00553020343947559
"beta",0.000181730069917183,0.0503380170946757,0.00280811839577722,-0.0239411203197999,-0.0222063574978753,-0.00439828955500087
"gamma",-0.0231724374030821,0.00280811839577722,0.0651122933502521,-0.00303661639280174,0.0053481315064129,-0.0114769276994202
"delta",0.00575656682719282,-0.0239411203197999,-0.00303661639280174,0.0802283290085698,-0.073227106055287,-0.00752584087131021
"lambda",-0.0025316913369114,-0.0222063574978753,0.0053481315064129,-0.073227106055287,1.26779718231774,-0.0186260845630049
"luce",-0.00553020343947559,-0.00439828955500087,-0.0114769276994202,-0.00752584087131021,-0.0186260845630049,0.0823690805099637
"alpha",0.0545416072007837,0.00113039218004884,-0.0338979020660658,0.00361492289262712,0.0165260049827515,-0.00420322668457281
"beta",0.00113039218004884,0.0247729389534257,0.0034160452990285,-0.00440737868219376,-0.0424823111921933,-0.00670640484504733
"gamma",-0.0338979020660658,0.0034160452990285,0.0937185819221567,-0.00587357442034944,-0.0199631566113425,-0.00466018495030318
"delta",0.00361492289262712,-0.00440737868219376,-0.00587357442034944,0.0733037928514931,0.00390172127986371,-0.000265140543071349
"lambda",0.0165260049827515,-0.0424823111921933,-0.0199631566113425,0.00390172127986371,1.30426348141905,-0.011983553620818
"luce",-0.00420322668457281,-0.00670640484504733,-0.00466018495030318,-0.000265140543071349,-0.011983553620818,0.0795565915184871
"alpha",0.00679335857667646,-0.000610799148247766,-0.00154191961684364,0.00099162495728343,-0.00108699740717494,-0.00308922463746245
"beta",-0.000610799148247766,0.0619591062530832,0.00173511342161266,-0.031305625492825,-0.0204699041147822,-0.00471549834202738
"gamma",-0.00154191961684364,0.00173511342161266,0.0136173753685331,-0.000916434959847773,-0.00109352925341265,-0.00276561743936301
"delta",0.00099162495728343,-0.031305625492825,-0.000916434959847773,0.0548264083761699,-0.0277384272308551,-0.00158484854101049
"lambda",-0.00108699740717494,-0.0204699041147822,-0.00109352925341265,-0.0277384272308551,1.35440375594203,0.00200671055377284
"luce",-0.00308922463746245,-0.00471549834202738,-0.00276561743936301,-0.00158484854101049,0.00200671055377284,0.0768637382772787
"alpha",0.0598988712199148,-0.00165938936913973,-0.0347041260352932,0.00272498420136183,0.0124602857652672,-0.00300244814879269
"beta",-0.00165938936913973,0.0520539652976253,0.00444799962815171,-0.0216568681754129,-0.0328065612341073,-0.00149197031004142
"gamma",-0.0347041260352932,0.00444799962815171,0.0824771369339318,-0.00353665151049992,-0.0083728805547248,-0.00188811417855066
"delta",0.00272498420136183,-0.0216568681754129,-0.00353665151049992,0.0305441197271332,-0.0213929650104915,-0.0071512225710639
"lambda",0.0124602857652672,-0.0328065612341073,-0.0083728805547248,-0.0213929650104915,1.30114867851873,-0.00665806687068438
"luce",-0.00300244814879269,-0.00149197031004142,-0.00188811417855066,-0.0071512225710639,-0.00665806687068438,0.0800749690904655
"alpha",0.010114294448963,0.00423777767063671,-0.00447803606724098,0.00516263752747945,0.0027903280161659,-0.0139851306705155
"beta",0.00423777767063671,0.0293143314423701,0.00326821632598879,-0.0048863254003644,-0.0693469476015322,-0.00855743111258896
"gamma",-0.00447803606724098,0.00326821632598879,0.0265543439424565,0.00391663461730343,-0.0109736762456743,0.00182441367336713
"delta",0.00516263752747945,-0.0048863254003644,0.00391663461730343,0.0451346596976674,-0.0320028912919436,-0.0100332015260106
"lambda",0.0027903280161659,-0.0693469476015322,-0.0109736762456743,-0.0320028912919436,1.12150169113519,-0.034829524164743
"luce",-0.0139851306705155,-0.00855743111258896,0.00182441367336713,-0.0100332015260106,-0.034829524164743,0.0807732154776791
"alpha",0.00727144189971887,-0.00178311282474806,0.00164993998104121,0.00489293034873649,0.0124545162772574,-0.00826497783316059
"beta",-0.00178311282474806,0.0395845183440612,0.00163737484453218,-0.0184501407152008,-0.0533449073637446,-0.00422446012623896
"gamma",0.00164993998104121,0.00163737484453218,0.00971104482466622,0.000355419017080266,-0.0019496084262926,0.000741823141081227
"delta",0.00489293034873649,-0.0184501407152008,0.000355419017080266,0.0311058295438603,-0.000721312849415209,-0.00294881854171684
"lambda",0.0124545162772574,-0.0533449073637446,-0.0019496084262926,-0.000721312849415209,1.29247804275377,-0.032603170707238
"luce",-0.00826497783316059,-0.00422446012623896,0.000741823141081227,-0.00294881854171684,-0.032603170707238,0.0715906535929203
"alpha",0.0702814155297556,-5.7383971320202e-05,-0.0315684418335879,-1.22110775932284e-05,-0.018872120046207,-0.00365848605428375
"beta",-5.7383971320202e-05,0.0150507459802059,0.00196510566083303,0.00265085489764952,-0.0200332224917906,-0.00516452121863283
"gamma",-0.0315684418335879,0.00196510566083303,0.060731663846274,-0.000230094539307013,0.014011970819411,-0.00498246963806748
"delta",-1.22110775932284e-05,0.00265085489764952,-0.000230094539307013,0.00704880689817621,-0.00126254089045884,-0.000119818902124827
"lambda",-0.018872120046207,-0.0200332224917906,0.014011970819411,-0.00126254089045884,1.10740982341516,-0.0228132353131344
"luce",-0.00365848605428375,-0.00516452121863283,-0.00498246963806748,-0.000119818902124827,-0.0228132353131344,0.0805353174514705
"alpha",0.040989299297805,-0.000569122583124319,-0.0169347245804282,0.00341370203937649,-0.00301743398665426,-0.00699359680438286
"beta",-0.000569122583124319,0.0517660963926022,0.00154480217484583,-0.0342449390058535,0.00500775573639156,0.0012890543014562
"gamma",-0.0169347245804282,0.00154480217484583,0.0861781609982651,-0.0096871866637626,0.00750014405443387,0.00288024757864217
"delta",0.00341370203937649,-0.0342449390058535,-0.0096871866637626,0.100699706591215,-0.0649622325037342,-0.0172213541268302
"lambda",-0.00301743398665426,0.00500775573639156,0.00750014405443387,-0.0649622325037342,1.24247943706793,-0.0231831497923253
"luce",-0.00699359680438286,0.0012890543014562,0.00288024757864217,-0.0172213541268302,-0.0231831497923253,0.0798635505600591
"alpha",0.0344458567769961,-0.00296922788460943,-0.0126671697029061,0.00643534969400995,0.030927284286071,-0.0005595535871607
"beta",-0.00296922788460943,0.00634142016173428,0.00373238804135909,6.60154549764567e-05,-0.0339343873918196,-0.00651239494314875
"gamma",-0.0126671697029061,0.00373238804135909,0.0435605563847227,-0.0037465152561049,0.00515306101546945,-0.00546301695403136
"delta",0.00643534969400995,6.60154549764567e-05,-0.0037465152561049,0.0131075571799263,-0.00514895293823416,-0.00050952350037395
"lambda",0.030927284286071,-0.0339343873918196,0.00515306101546945,-0.00514895293823416,1.06627907520078,-0.00764192695454757
"luce",-0.0005595535871607,-0.00651239494314875,-0.00546301695403136,-0.00050952350037395,-0.00764192695454757,0.0681526512386462
"alpha",0.0555392971907649,-0.00133288061310612,-0.0256301074605855,-0.000332579509364324,0.00684189130143444,-0.00783290799041669
"beta",-0.00133288061310612,0.00675477941931497,0.0010667524232842,0.00106686494837055,0.00967204781014728,0.00231143682154827
"gamma",-0.0256301074605855,0.0010667524232842,0.0706420716433253,-0.000369798264063372,0.001694701671135,-0.00235268926087603
"delta",-0.000332579509364324,0.00106686494837055,-0.000369798264063372,0.0054427531833512,0.00792818642329914,0.00146028345176618
"lambda",0.00684189130143444,0.00967204781014728,0.001694701671135,0.00792818642329914,1.21071868208707,-0.0314924624568344
"luce",-0.00783290799041669,0.00231143682154827,-0.00235268926087603,0.00146028345176618,-0.0314924624568344,0.0865891551207912
"alpha",0.0325472917903552,0.00260409462491603,-0.0104602895266101,0.00628339155417459,0.00250614054384156,-0.00956424833156346
"beta",0.00260409462491603,0.0314750875063829,0.00132171435452928,-0.0161180921553087,-0.0424050329263219,-0.00602082625512354
"gamma",-0.0104602895266101,0.00132171435452928,0.0660973956316333,-0.00151489832799456,0.00650453932041365,-0.00294754225735837
"delta",0.00628339155417459,-0.0161180921553087,-0.00151489832799456,0.0466848671539569,-0.014245416141304,-0.009607287336649
"lambda",0.00250614054384156,-0.0424050329263219,0.00650453932041365,-0.014245416141304,1.29406146964047,0.00239405897545525
"luce",-0.00956424833156346,-0.00602082625512354,-0.00294754225735837,-0.009607287336649,0.00239405897545525,0.0845818303695732
"alpha",0.0505770071665305,-0.00404022986366573,-0.0293340485289208,0.00465003669044913,-0.00386762164234084,-0.00322223521525671
"beta",-0.00404022986366573,0.0560150610921405,0.00643387782995377,-0.031698756998533,-0.000729016327603301,-0.00245929676893698
"gamma",-0.0293340485289208,0.00643387782995377,0.0833726809774797,-0.00696268301770166,-0.00504410275756594,-0.00312377706184439
"delta",0.00465003669044913,-0.031698756998533,-0.00696268301770166,0.061747412148012,-0.0369449246275603,-0.00864424172326052
"lambda",-0.00386762164234084,-0.000729016327603301,-0.00504410275756594,-0.0369449246275603,1.30371138713887,0.01313450482409
"luce",-0.00322223521525671,-0.00245929676893698,-0.00312377706184439,-0.00864424172326052,0.01313450482409,0.084352831685804
"alpha",0.0186816471684835,0.00215155948326234,-0.0050773356574957,0.000852471330723035,0.017091821754264,-0.00484215111912735
"beta",0.00215155948326234,0.0134103875975918,0.00162870676185892,-0.00308874740539434,-0.0278282118114527,-0.0033907512579202
"gamma",-0.0050773356574957,0.00162870676185892,0.033705697762623,0.000570232260064853,0.00123963637196718,9.78501363626986e-05
"delta",0.000852471330723035,-0.00308874740539434,0.000570232260064853,0.0121690622762009,-0.0118588746701562,-0.00116960320643248
"lambda",0.017091821754264,-0.0278282118114527,0.00123963637196718,-0.0118588746701562,1.13844714199962,-0.0182433510087814
"luce",-0.00484215111912735,-0.0033907512579202,9.78501363626986e-05,-0.00116960320643248,-0.0182433510087814,0.0720139817587174
"alpha",0.00360490585846022,0.000403637806661928,-0.000718216958802642,0.00120456382228422,0.00230821570500466,-0.00106503149028212
"beta",0.000403637806661928,0.0563541069021298,0.00270176149104455,-0.0247847187490617,-0.0392374784050946,0.000345692682397007
"gamma",-0.000718216958802642,0.00270176149104455,0.0104316449170014,0.000709605586898898,-3.78796569584151e-05,0.000559523942531828
"delta",0.00120456382228422,-0.0247847187490617,0.000709605586898898,0.0401161523167278,-0.030450609575215,-0.00497059606013943
"lambda",0.00230821570500466,-0.0392374784050946,-3.78796569584151e-05,-0.030450609575215,1.31112726822367,0.00520407574641919
"luce",-0.00106503149028212,0.000345692682397007,0.000559523942531828,-0.00497059606013943,0.00520407574641919,0.0646132553321214
"alpha",0.033179240134086,0.00545148072509603,-0.00653196452921057,0.00100907111251013,0.0364661374457067,-0.00926043471374765
"beta",0.00545148072509603,0.0217410558715323,0.00320350225995115,-0.00901862722649558,-0.0199525935627569,-0.00238514811427731
"gamma",-0.00653196452921057,0.00320350225995115,0.0434145274728614,-0.00072816971283782,0.0145984991134488,-0.0100661048013436
"delta",0.00100907111251013,-0.00901862722649558,-0.00072816971283782,0.0114306581164534,-0.017970880853835,-0.00249175143750823
"lambda",0.0364661374457067,-0.0199525935627569,0.0145984991134488,-0.017970880853835,0.979819643100317,-0.0820851430612008
"luce",-0.00926043471374765,-0.00238514811427731,-0.0100661048013436,-0.00249175143750823,-0.0820851430612008,0.060255029802908
"alpha",0.0495590210034912,0.00284761764505883,-0.0282230699894727,0.00292131916765635,-0.00188552197660976,-0.00829926249709543
"beta",0.00284761764505883,0.071866629148867,0.00247379587298358,-0.036092909835754,-0.0113344870936439,-0.000746623639421296
"gamma",-0.0282230699894727,0.00247379587298358,0.0852268254273348,-0.00582280611399939,-0.00504611398183346,-0.0014871659356357
"delta",0.00292131916765635,-0.036092909835754,-0.00582280611399939,0.0650888426145643,-0.0548721675558681,-0.0110125208032143
"lambda",-0.00188552197660976,-0.0113344870936439,-0.00504611398183346,-0.0548721675558681,1.34867557413669,-0.00538918089752093
"luce",-0.00829926249709543,-0.000746623639421296,-0.0014871659356357,-0.0110125208032143,-0.00538918089752093,0.0851948193262637
"alpha",0.0374242284707711,0.00774515059763183,-0.0146080898712618,-0.000721232375889847,0.00127579274212412,-0.00726504766172144
"beta",0.00774515059763183,0.0483855319478417,0.00365124320962819,-0.0183754866881576,-0.0254156119327378,-0.00488765182643182
"gamma",-0.0146080898712618,0.00365124320962819,0.0189834693129019,-0.00100853682509556,0.0103688862118332,-0.00705448623220507
"delta",-0.000721232375889847,-0.0183754866881576,-0.00100853682509556,0.0180145181203111,-0.0369253388433046,-0.00539956561403173
"lambda",0.00127579274212412,-0.0254156119327378,0.0103688862118332,-0.0369253388433046,1.34136449389479,-0.0237262990464006
"luce",-0.00726504766172144,-0.00488765182643182,-0.00705448623220507,-0.00539956561403173,-0.0237262990464006,0.0801145229865913
"alpha",0.0432116702697017,-0.00358004644151559,-0.0148638582169374,0.00991939891244262,0.0109560472717336,-0.00992256482227164
"beta",-0.00358004644151559,0.0417271770142339,0.00368478365467798,-0.0247986037078074,-0.0304954786979773,-0.00654901654905669
"gamma",-0.0148638582169374,0.00368478365467798,0.0586586044164524,-0.011376276491636,-0.000494436785226581,-0.00274616421411697
"delta",0.00991939891244262,-0.0247986037078074,-0.011376276491636,0.095273434397762,-0.0373598131904911,-0.0085411898188636
"lambda",0.0109560472717336,-0.0304954786979773,-0.000494436785226581,-0.0373598131904911,1.25809348397768,-0.0353313422983229
"luce",-0.00992256482227164,-0.00654901654905669,-0.00274616421411697,-0.0085411898188636,-0.0353313422983229,0.0792933524710293
"alpha",0.0425699487522711,-0.00102421855019653,-0.0191126560817374,0.0010258457013482,-0.00473984915900836,-0.00725455393244369
"beta",-0.00102421855019653,0.00632621644673492,0.00213167805395237,0.000673211030510637,-0.00957421578134056,-0.00309693086988034
"gamma",-0.0191126560817374,0.00213167805395237,0.0809629989119397,-0.000552829364355195,-0.003987069528622,-0.00457456888938868
"delta",0.0010258457013482,0.000673211030510637,-0.000552829364355195,0.00514759593300749,-0.0120706159591059,-0.00360779928467653
"lambda",-0.00473984915900836,-0.00957421578134056,-0.003987069528622,-0.0120706159591059,1.10308319429325,-0.0175092475533415
"luce",-0.00725455393244369,-0.00309693086988034,-0.00457456888938868,-0.00360779928467653,-0.0175092475533415,0.0775181124389771
"alpha",0.0474284244687125,-0.00321553976226004,-0.022118127983549,0.00540714199879137,0.00686968442983702,-0.00926325378992124
"beta",-0.00321553976226004,0.0621132010041834,0.00319386656813278,-0.0323324190021951,-0.00141674857831209,-0.00143280598939095
"gamma",-0.022118127983549,0.00319386656813278,0.0634755384931521,-0.00198790889485108,-0.00388598218200654,-0.000631896386714489
"delta",0.00540714199879137,-0.0323324190021951,-0.00198790889485108,0.0595573000631268,-0.0472810498814313,-0.00976996057733976
"lambda",0.00686968442983702,-0.00141674857831209,-0.00388598218200654,-0.0472810498814313,1.35761587758851,-0.00799538190385969
"luce",-0.00926325378992124,-0.00143280598939095,-0.000631896386714489,-0.00976996057733976,-0.00799538190385969,0.0830479670843176
"alpha",0.0618278589934761,0.000429478812062094,-0.0278731634591439,0.00155788681545646,0.0106943223894838,-0.00497866519011287
"beta",0.000429478812062094,0.0512228838387118,0.00195102998606578,-0.0225933017776084,-0.0520645049656025,-0.00795600141257027
"gamma",-0.0278731634591439,0.00195102998606578,0.0533657486966907,-0.000834898064899476,-0.00279106756592844,-0.00720590489334961
"delta",0.00155788681545646,-0.0225933017776084,-0.000834898064899476,0.0317147275359628,-0.00513757301207387,-0.00088650746821921
"lambda",0.0106943223894838,-0.0520645049656025,-0.00279106756592844,-0.00513757301207387,1.3530931928102,-0.0184873844733484
"luce",-0.00497866519011287,-0.00795600141257027,-0.00720590489334961,-0.00088650746821921,-0.0184873844733484,0.0833822852289343
"alpha",0.0499086010635975,0.00132744665970899,-0.0219330729047301,0.000286707108561653,0.0116721720028715,-0.0067395218769276
"beta",0.00132744665970899,0.0124519125024372,0.000232149153527142,-0.00353163767074945,-0.0251030439508191,-0.00412170033223233
"gamma",-0.0219330729047301,0.000232149153527142,0.0628722050535966,0.00117438730928385,-0.00314213439713605,-0.00037727973448581
"delta",0.000286707108561653,-0.00353163767074945,0.00117438730928385,0.00410135331590416,-0.00436545785171511,-0.000213185234922522
"lambda",0.0116721720028715,-0.0251030439508191,-0.00314213439713605,-0.00436545785171511,1.16647764412905,-0.0723585386913903
"luce",-0.0067395218769276,-0.00412170033223233,-0.00037727973448581,-0.000213185234922522,-0.0723585386913903,0.077061769526528
"alpha",0.0402533203282763,0.000785274200851615,-0.0112159898139962,0.00125680708512068,0.00868853942380008,-0.00822225485430007
"beta",0.000785274200851615,0.049075316767348,0.0071818761011617,-0.0265370271144492,-0.0245312755768894,-0.00470916615906389
"gamma",-0.0112159898139962,0.0071818761011617,0.086525635856736,-0.00554019892003963,-0.0100477023340824,-0.00775682864536352
"delta",0.00125680708512068,-0.0265370271144492,-0.00554019892003963,0.0573837551760528,-0.0332528904523349,-0.00395884498478666
"lambda",0.00868853942380008,-0.0245312755768894,-0.0100477023340824,-0.0332528904523349,1.35529901996839,-0.00686743270486572
"luce",-0.00822225485430007,-0.00470916615906389,-0.00775682864536352,-0.00395884498478666,-0.00686743270486572,0.0787777645359447
"alpha",0.058670694571063,-0.000163212397873481,-0.0280868179316828,0.000214949453396477,0.0112825627135446,-0.00741773534101995
"beta",-0.000163212397873481,0.0152374552296288,0.00213330585300762,-0.00260291176715549,-0.0267526629710496,-0.00580273212320219
"gamma",-0.0280868179316828,0.00213330585300762,0.0641965671766243,-0.00113040875370225,0.00333177859185932,-0.00417501896520583
"delta",0.000214949453396477,-0.00260291176715549,-0.00113040875370225,0.00461399257360972,-0.0133163362608118,-0.00276366678605077
"lambda",0.0112825627135446,-0.0267526629710496,0.00333177859185932,-0.0133163362608118,1.16668144898586,-0.0359159022019787
"luce",-0.00741773534101995,-0.00580273212320219,-0.00417501896520583,-0.00276366678605077,-0.0359159022019787,0.0816037310653212
"alpha",0.0597304130469359,0.000162715019707691,-0.032704842315147,0.00180288214413862,-0.00231987495801235,-0.00434126641020508
"beta",0.000162715019707691,0.0171076824351109,0.00137154877002617,-0.00140938313132792,-0.00941405644261403,-0.00120051998349709
"gamma",-0.032704842315147,0.00137154877002617,0.0983424020694167,-0.000925816301568592,0.0110954093180824,-0.00462102905824568
"delta",0.00180288214413862,-0.00140938313132792,-0.000925816301568592,0.0157539226128891,-0.00363101868714541,-0.00167845754290404
"lambda",-0.00231987495801235,-0.00941405644261403,0.0110954093180824,-0.00363101868714541,1.23301248922693,-0.0108451934643276
"luce",-0.00434126641020508,-0.00120051998349709,-0.00462102905824568,-0.00167845754290404,-0.0108451934643276,0.0826943899479832
"alpha",0.0271730489811397,0.00478077879028434,0.000773892236945354,0.00180445315195363,0.00755147311533459,-0.00989101183137696
"beta",0.00478077879028434,0.0229665240778914,0.00346052692787747,-0.0135363094969969,-0.0450873641973894,-0.00963220475587313
"gamma",0.000773892236945354,0.00346052692787747,0.0513313858896805,-0.00415435350331802,0.0133523676018991,-0.00061725977119236
"delta",0.00180445315195363,-0.0135363094969969,-0.00415435350331802,0.0375711268839992,-0.00730901289195172,-0.00342860394105385
"lambda",0.00755147311533459,-0.0450873641973894,0.0133523676018991,-0.00730901289195172,1.1783720333602,0.00109842304308292
"luce",-0.00989101183137696,-0.00963220475587313,-0.00061725977119236,-0.00342860394105385,0.00109842304308292,0.0761085991254987
"alpha",0.0511331444209134,-0.000455222844546702,-0.0281085940376317,-0.000723534863985024,0.0101624849843842,-0.00447458455151036
"beta",-0.000455222844546702,0.00939102979063432,0.00189184006105142,0.00180775898484116,-0.0135411075319039,-0.00295266445289526
"gamma",-0.0281085940376317,0.00189184006105142,0.0890309505832359,-0.00076333335235517,0.000109126686364782,-0.00793045125105729
"delta",-0.000723534863985024,0.00180775898484116,-0.00076333335235517,0.00754895418028579,0.0117057434392024,0.0029211167595894
"lambda",0.0101624849843842,-0.0135411075319039,0.000109126686364782,0.0117057434392024,1.20017199377677,-0.0302040337168941
"luce",-0.00447458455151036,-0.00295266445289526,-0.00793045125105729,0.0029211167595894,-0.0302040337168941,0.0827137667291073
"alpha",0.0385670762461647,0.00127923956930853,-0.0165932238699816,0.00154108974958259,0.0192297250348086,-0.00797136876059114
"beta",0.00127923956930853,0.039330312927638,0.0034512809798129,-0.0246941758141577,-0.0263420792687181,-0.00065102645757568
"gamma",-0.0165932238699816,0.0034512809798129,0.0714429905033792,-0.000884306270920891,-0.031654205716731,-0.00462093837496202
"delta",0.00154108974958259,-0.0246941758141577,-0.000884306270920891,0.0770076899801867,-0.0202500537109678,-0.00462012432204362
"lambda",0.0192297250348086,-0.0263420792687181,-0.031654205716731,-0.0202500537109678,1.25018400868763,-0.0311375757281192
"luce",-0.00797136876059114,-0.00065102645757568,-0.00462093837496202,-0.00462012432204362,-0.0311375757281192,0.0809505164182126
"alpha",0.0409703983435514,0.000689399428771358,-0.0138796968338644,0.00103142765418429,0.0115240372937388,-0.00948225497683653
"beta",0.000689399428771358,0.026778351099514,0.000759305545124984,-0.00595703227603717,-0.0482632478720566,-0.00929088200328156
"gamma",-0.0138796968338644,0.000759305545124984,0.0859813018124922,-0.00547415907475904,-0.00562258349497533,0.00334093975337677
"delta",0.00103142765418429,-0.00595703227603717,-0.00547415907475904,0.0620241286391599,-0.0182278126673539,-0.00927699050158939
"lambda",0.0115240372937388,-0.0482632478720566,-0.00562258349497533,-0.0182278126673539,1.30332844233448,-0.0310021903619686
"luce",-0.00948225497683653,-0.00929088200328156,0.00334093975337677,-0.00927699050158939,-0.0310021903619686,0.0813461653433504
"alpha",0.0287844176925396,0.00492738901799159,-0.00536498292145649,0.00293153512425375,0.0169079226707776,-0.00369747965412879
"beta",0.00492738901799159,0.00718588067209298,0.000438761379577197,0.00454123190946682,-0.0443083981108314,-0.00447792845985571
"gamma",-0.00536498292145649,0.000438761379577197,0.0268800364502637,-0.00355676502980024,-0.00286642856982545,0.0014611193738479
"delta",0.00293153512425375,0.00454123190946682,-0.00355676502980024,0.0102729330685183,-0.0213904477350495,-0.00665635179218592
"lambda",0.0169079226707776,-0.0443083981108314,-0.00286642856982545,-0.0213904477350495,1.20232149162555,-0.00392861980702394
"luce",-0.00369747965412879,-0.00447792845985571,0.0014611193738479,-0.00665635179218592,-0.00392861980702394,0.0744708414076685
"alpha",0.00969258452577419,-0.00113572065594057,-0.00521886858700152,0.00370345150005519,0.00377942574368505,-0.0105698823978183
"beta",-0.00113572065594057,0.0599000305662621,-0.000728670768519369,-0.0364162006955298,0.00088547885864694,-0.000567282200988328
"gamma",-0.00521886858700152,-0.000728670768519369,0.0197144277357342,0.000961103698779926,-0.00104509558795832,-0.00274463943625892
"delta",0.00370345150005519,-0.0364162006955298,0.000961103698779926,0.0767227585233441,-0.0406237218359171,-0.00580259303360856
"lambda",0.00377942574368505,0.00088547885864694,-0.00104509558795832,-0.0406237218359171,1.39930698848073,-0.0120099152479398
"luce",-0.0105698823978183,-0.000567282200988328,-0.00274463943625892,-0.00580259303360856,-0.0120099152479398,0.0714858803070303
"alpha",0.0492552443642261,-0.000264670628877936,-0.0216131866282763,0.00021475682469703,0.0101676364937773,-0.00612925235056879
"beta",-0.000264670628877936,0.00863905289912653,0.00196790075387382,-0.00160073662652582,-0.00766086150848049,-0.000638135291168175
"gamma",-0.0216131866282763,0.00196790075387382,0.05782145376562,-0.000550731803960323,0.00306859033255407,0.000133890559418657
"delta",0.00021475682469703,-0.00160073662652582,-0.000550731803960323,0.00444700799545881,-0.00838557839622726,-0.00167888658040959
"lambda",0.0101676364937773,-0.00766086150848049,0.00306859033255407,-0.00838557839622726,1.10816027645602,-0.00897293472040126
"luce",-0.00612925235056879,-0.000638135291168175,0.000133890559418657,-0.00167888658040959,-0.00897293472040126,0.0746164724432406
"alpha",0.0126551036874798,0.000722100821763289,-0.000329099223574681,-0.000559985997875093,0.000563373544098662,-0.00516735534042684
"beta",0.000722100821763289,0.00718081309421177,0.00181723724123954,-0.00327993883080569,-0.00743763483070785,-0.00202750711934289
"gamma",-0.000329099223574681,0.00181723724123954,0.0718373080841358,-0.00109978190414138,0.00826268789427896,0.00468315647906572
"delta",-0.000559985997875093,-0.00327993883080569,-0.00109978190414138,0.0167489310187016,0.00415228092883438,0.00202034977488104
"lambda",0.000563373544098662,-0.00743763483070785,0.00826268789427896,0.00415228092883438,1.22971917826176,-0.039310016337825
"luce",-0.00516735534042684,-0.00202750711934289,0.00468315647906572,0.00202034977488104,-0.039310016337825,0.0787951838984783
"alpha",0.0626107618009712,-0.00247343224136028,-0.0353878349835541,0.00281434047951922,0.0219766616025637,-0.0045681834382161
"beta",-0.00247343224136028,0.0312226540481578,0.00658323540238008,-0.0120704398883961,-0.0469084147315016,-0.0074831733605477
"gamma",-0.0353878349835541,0.00658323540238008,0.0686258367895623,-0.00225337446750877,-0.0115193632843803,-0.00537720174289661
"delta",0.00281434047951922,-0.0120704398883961,-0.00225337446750877,0.0386823389969384,-0.0446210502846991,-0.00865705684583694
"lambda",0.0219766616025637,-0.0469084147315016,-0.0115193632843803,-0.0446210502846991,1.29136099560194,-0.0347386433704241
"luce",-0.0045681834382161,-0.0074831733605477,-0.00537720174289661,-0.00865705684583694,-0.0347386433704241,0.081533150660243
"alpha",0.0359667526937873,0.000958716175848686,-0.0122922804789614,0.0106199858036003,-0.00118708663842394,-0.0114293057511883
"beta",0.000958716175848686,0.0349383522676878,0.00203442934127142,-0.0181061782018544,-0.0557546858641048,-0.00848966118865398
"gamma",-0.0122922804789614,0.00203442934127142,0.048828514175275,0.000957810733915243,0.0069723105677051,-0.00355793207475969
"delta",0.0106199858036003,-0.0181061782018544,0.000957810733915243,0.0573460477350178,-0.0398460420530079,-0.00744374661747428
"lambda",-0.00118708663842394,-0.0557546858641048,0.0069723105677051,-0.0398460420530079,1.28539849675174,-0.0126277412291321
"luce",-0.0114293057511883,-0.00848966118865398,-0.00355793207475969,-0.00744374661747428,-0.0126277412291321,0.0824825290551651
"alpha",0.0211721767756511,0.00478694585621079,-0.0149512772993034,0.00324885718509732,0.0156788182338221,-0.00921307012834377
"beta",0.00478694585621079,0.0176187343170768,0.00395119212563111,-0.00182139245570219,-0.0629793155566062,-0.00935395348283184
"gamma",-0.0149512772993034,0.00395119212563111,0.0393263175019464,0.00270035133856179,0.00276765357007433,-0.00401124908284899
"delta",0.00324885718509732,-0.00182139245570219,0.00270035133856179,0.0403165002384287,0.0270303295204532,0.00303602679618183
"lambda",0.0156788182338221,-0.0629793155566062,0.00276765357007433,0.0270303295204532,1.28303727096345,-0.0195130432413792
"luce",-0.00921307012834377,-0.00935395348283184,-0.00401124908284899,0.00303602679618183,-0.0195130432413792,0.0766430137943347
"alpha",0.0489515387752773,-0.00132491883434358,-0.0274783487427095,0.00098845151478887,-0.0122574988621437,-0.00603178480332598
"beta",-0.00132491883434358,0.0514706616141456,0.00123981515014365,-0.0153793133347065,-0.0238478813828263,-0.000754856073884494
"gamma",-0.0274783487427095,0.00123981515014365,0.0810881302904492,-0.000156024561698095,0.0131598746007912,-0.000448275096651428
"delta",0.00098845151478887,-0.0153793133347065,-0.000156024561698095,0.0135677265827103,-0.0209769183324113,-0.00529551958582943
"lambda",-0.0122574988621437,-0.0238478813828263,0.0131598746007912,-0.0209769183324113,1.23420043056456,-0.0053612760043358
"luce",-0.00603178480332598,-0.000754856073884494,-0.000448275096651428,-0.00529551958582943,-0.0053612760043358,0.0790157952044656
"alpha",0.0624720336825656,0.00131186120046737,-0.029799689813978,0.000162444920917923,0.00928063266508007,-0.00490523296708437
"beta",0.00131186120046737,0.0299465813878482,0.00228297620419404,-0.00488015339936255,-0.113947759385575,-0.0194932035584049
"gamma",-0.029799689813978,0.00228297620419404,0.0686492404602968,-0.000986377622641997,-0.00802804272643447,-0.00588650544486304
"delta",0.000162444920917923,-0.00488015339936255,-0.000986377622641997,0.0187028475492135,0.0207391616549793,0.00405079538898607
"lambda",0.00928063266508007,-0.113947759385575,-0.00802804272643447,0.0207391616549793,1.32943796114723,-0.0134858321771428
"luce",-0.00490523296708437,-0.0194932035584049,-0.00588650544486304,0.00405079538898607,-0.0134858321771428,0.0811903694146513
"alpha",0.00919457040345829,0.00343357096468148,-0.00641698684102222,0.00208036688016537,0.023289355197479,-0.00635097511200771
"beta",0.00343357096468148,0.011645755947367,-0.00127430204753269,-0.00162346169108454,-0.0425840127885481,-0.00134190716909999
"gamma",-0.00641698684102222,-0.00127430204753269,0.0251377000105107,-0.00120889902694615,-0.00583347107644281,-0.000731824975281489
"delta",0.00208036688016537,-0.00162346169108454,-0.00120889902694615,0.00457451492786017,-0.0108071014284911,-0.00168372740205107
"lambda",0.023289355197479,-0.0425840127885481,-0.00583347107644281,-0.0108071014284911,1.12806648459671,-0.0267893123723567
"luce",-0.00635097511200771,-0.00134190716909999,-0.000731824975281489,-0.00168372740205107,-0.0267893123723567,0.0694842208806528
"alpha",0.0519145414486911,-0.00176998991543946,-0.0287191103764795,0.00916878507329696,0.0181513658778052,-0.00524741261113308
"beta",-0.00176998991543946,0.0463945544315377,0.00526135522268914,-0.0397392222707891,-0.0520416739988,-0.00552402332332903
"gamma",-0.0287191103764795,0.00526135522268914,0.0664590325241626,-0.0101292029978079,-0.0269668936631698,-0.00524938171097006
"delta",0.00916878507329696,-0.0397392222707891,-0.0101292029978079,0.0996749952887516,0.0495674801095731,0.00218046410060243
"lambda",0.0181513658778052,-0.0520416739988,-0.0269668936631698,0.0495674801095731,1.32214018167785,0.00784539968420943
"luce",-0.00524741261113308,-0.00552402332332903,-0.00524938171097006,0.00218046410060243,0.00784539968420943,0.0825665402151347
"alpha",0.0226549249242931,0.000326520204052625,-0.0114455631486903,0.00275420180156752,0.0120961914394813,-0.00563235258762412
"beta",0.000326520204052625,0.0242731505011426,0.00172295651165102,-0.0069678787794119,-0.0452483172885457,-0.00558164309676411
"gamma",-0.0114455631486903,0.00172295651165102,0.0188537391102735,0.000573964827188586,-0.00166324885274008,-0.0052344505914165
"delta",0.00275420180156752,-0.0069678787794119,0.000573964827188586,0.00713097538903272,-0.0132951818962855,-0.00326959325288044
"lambda",0.0120961914394813,-0.0452483172885457,-0.00166324885274008,-0.0132951818962855,1.17721837637989,-0.0239555682460536
"luce",-0.00563235258762412,-0.00558164309676411,-0.0052344505914165,-0.00326959325288044,-0.0239555682460536,0.0744350182664443
"alpha",0.0451229684808793,0.000964435767696353,-0.0185805831820076,0.00141740871396046,-0.00846775332267373,-0.00603549299505487
"beta",0.000964435767696353,0.0164334140982299,-0.000219808574492498,-0.00567189535700779,-0.0189590444567517,-0.00303423472171541
"gamma",-0.0185805831820076,-0.000219808574492498,0.0963334538118771,-0.00138539085722061,0.0113853737530259,-0.00230305657884868
"delta",0.00141740871396046,-0.00567189535700779,-0.00138539085722061,0.0078363528216606,-0.00892770942623714,-0.00375572525895525
"lambda",-0.00846775332267373,-0.0189590444567517,0.0113853737530259,-0.00892770942623714,1.07417408937251,-0.0122701257281855
"luce",-0.00603549299505487,-0.00303423472171541,-0.00230305657884868,-0.00375572525895525,-0.0122701257281855,0.0771877685123573
"alpha",0.0306433480982845,-0.00595323126999567,-0.0125217743460113,0.00952026648528178,0.00391963897891784,-0.00945907172826475
"beta",-0.00595323126999567,0.0604091297656085,0.00172037513920759,-0.0283046469983147,-0.0221722791109365,-0.00276338525067606
"gamma",-0.0125217743460113,0.00172037513920759,0.0296225376419263,-0.00352873912438374,-0.00453211920204368,-0.00173683696005693
"delta",0.00952026648528178,-0.0283046469983147,-0.00352873912438374,0.0495431691134529,-0.041831864184836,-0.00683373505782505
"lambda",0.00391963897891784,-0.0221722791109365,-0.00453211920204368,-0.041831864184836,1.40178323335722,0.0031309381033837
"luce",-0.00945907172826475,-0.00276338525067606,-0.00173683696005693,-0.00683373505782505,0.0031309381033837,0.0797691980362344
"alpha",0.0589028791762419,-9.67094152241052e-06,-0.0304035155818213,0.000449196355112693,-0.00839182932810443,-0.00458882250618618
"beta",-9.67094152241052e-06,0.0578891550876316,0.00012420915092966,-0.0190454587074063,-0.0232398585734918,-0.00757371411818536
"gamma",-0.0304035155818213,0.00012420915092966,0.0674982687108048,-0.00133273731385581,0.00694127912246013,-0.00418461358251973
"delta",0.000449196355112693,-0.0190454587074063,-0.00133273731385581,0.0229966612416431,-0.0235626683732896,-0.00257177104306747
