"","beta","delta","lambdaluce"
"",0,0,0
"beta",0.0021628489301612,-0.000244809412052881,-0.0142548936973934
"delta",-0.000244809412052881,0.00073804433935534,0.00166945028000016
"lambdaluce",-0.0142548936973934,0.00166945028000016,0.444772285641242
"beta",0.00658707457382011,-0.00118054336922597,-0.0929066769616134
"delta",-0.00118054336922597,0.00415602359897062,0.0122889530223653
"lambdaluce",-0.0929066769616134,0.0122889530223653,1.60718761178204
"beta",0.000888950931915207,-8.44016736285634e-05,-0.00147700865247448
"delta",-8.44016736285634e-05,0.00070221917903588,-0.00192631597217836
"lambdaluce",-0.00147700865247448,-0.00192631597217836,0.479248404260507
"beta",0.0711161804302133,-0.0285279581780952,0.0496651554616866
"delta",-0.0285279581780952,0.0400683218877212,-0.0947892613692191
"lambdaluce",0.0496651554616866,-0.0947892613692191,1.88885630329653
"beta",0.00718655137357177,-0.000796521110513677,-0.0965497760318217
"delta",-0.000796521110513677,0.00253594723606162,0.00938213669722367
"lambdaluce",-0.0965497760318217,0.00938213669722367,1.59857566959377
"beta",0.0602764483737185,-0.0245116483019818,0.0282884909462313
"delta",-0.0245116483019818,0.0211144170468559,-0.0740535310095452
"lambdaluce",0.0282884909462313,-0.0740535310095452,1.54926560751769
"beta",0.0820298351653461,-0.049742124367652,0.107226531725438
"delta",-0.049742124367652,0.0938633286625611,-0.150185666347581
"lambdaluce",0.107226531725438,-0.150185666347581,1.77020590595535
"beta",0.0578452478060337,-0.022437044749115,0.0261698375291376
"delta",-0.022437044749115,0.0316990073061352,-0.088977333726637
"lambdaluce",0.0261698375291376,-0.088977333726637,2.1702193066299
"beta",0.0215609153317707,-0.0127577605556462,-0.0332151649570298
"delta",-0.0127577605556462,0.0761706137304123,-0.0941371227788354
"lambdaluce",-0.0332151649570298,-0.0941371227788354,0.906410615055993
"beta",0.0820356633391119,-0.015158862831302,0.0229519719938486
"delta",-0.015158862831302,0.0160068692157805,-0.0484696469914441
"lambdaluce",0.0229519719938486,-0.0484696469914441,2.00050551895993
"beta",0.0168942420705582,-0.00700223856931527,-0.0885212037599302
"delta",-0.00700223856931527,0.00966662421728661,-0.00756622854089688
"lambdaluce",-0.0885212037599302,-0.00756622854089688,1.86582782510671
"beta",0.0151398888123263,-0.00598931299996946,-0.0822164538934788
"delta",-0.00598931299996946,0.00431801319040121,-0.000773819062050744
"lambdaluce",-0.0822164538934788,-0.000773819062050744,1.63250991145893
"beta",0.00748482862095901,-0.00247399943992285,-0.0637634712251669
"delta",-0.00247399943992285,0.00255745902108112,0.0173828027616851
"lambdaluce",-0.0637634712251669,0.0173828027616851,0.701167732079943
"beta",0.0164787401055044,-0.00638544349262167,-0.0948946322789419
"delta",-0.00638544349262167,0.0140948156013704,-0.0111201053888537
"lambdaluce",-0.0948946322789419,-0.0111201053888537,1.64182584499771
"beta",0.00617717834461301,-0.00146591766042339,-0.0729569908047274
"delta",-0.00146591766042339,0.00299770105121507,0.0114843388862643
"lambdaluce",-0.0729569908047274,0.0114843388862643,1.42068486346824
"beta",0.0713882983014967,-0.0338347630413232,0.0644616106935682
"delta",-0.0338347630413232,0.0650940756248633,-0.127186148217398
"lambdaluce",0.0644616106935682,-0.127186148217398,1.7396492430898
"beta",0.00590640292017876,-0.00124929075459542,-0.0800606133647881
"delta",-0.00124929075459542,0.00373943598515267,0.0135912043670467
"lambdaluce",-0.0800606133647881,0.0135912043670467,1.57390861447389
"beta",0.00144271009468738,-0.000195589583159167,-0.00511200384952963
"delta",-0.000195589583159167,0.00104364233655052,-0.00105026065756791
"lambdaluce",-0.00511200384952963,-0.00105026065756791,0.285365186076452
"beta",0.00792026715529383,-0.00250681597752814,-0.0713568342797824
"delta",-0.00250681597752814,0.00467553693151686,0.0183959867434082
"lambdaluce",-0.0713568342797824,0.0183959867434082,0.837322032802976
"beta",0.0405373891306442,-0.013812022660371,-0.0740220454660516
"delta",-0.013812022660371,0.0105985650066088,-0.0328774299833389
"lambdaluce",-0.0740220454660516,-0.0328774299833389,1.87796188876481
"beta",0.00215067096753782,-0.00036782058159759,-0.0104700734875244
"delta",-0.00036782058159759,0.000293071138359961,-0.000822842849084092
"lambdaluce",-0.0104700734875244,-0.000822842849084092,0.511579765421708
"beta",0.0061698714976103,-0.00254992673961441,-0.0896188864198184
"delta",-0.00254992673961441,0.00487879194855016,0.0338746475529494
"lambdaluce",-0.0896188864198184,0.0338746475529494,1.80308040927004
"beta",0.00533302737726924,-0.00187181824596776,-0.0311580974427852
"delta",-0.00187181824596776,0.00130254733367991,0.00833971349006068
"lambdaluce",-0.0311580974427852,0.00833971349006068,0.320567288159995
"beta",0.0659056571364006,-0.0208297863657973,0.0179251825055641
"delta",-0.0208297863657973,0.0251332309503394,-0.0761816975666683
"lambdaluce",0.0179251825055641,-0.0761816975666683,1.91997599294765
"beta",0.00386160570909602,-0.00154282148511776,-0.0170707255208377
"delta",-0.00154282148511776,0.00133354709310915,-0.00179170622018178
"lambdaluce",-0.0170707255208377,-0.00179170622018178,0.424371749450933
"beta",0.0493046644865919,-0.0337895308428624,0.0272209566913814
"delta",-0.0337895308428624,0.0820037821600206,-0.0938721118532543
"lambdaluce",0.0272209566913814,-0.0938721118532543,1.14025706572074
"beta",0.00169973897727656,-0.000534259426182802,-0.0219014447359848
"delta",-0.000534259426182802,0.000304339647519299,0.0038195280477969
"lambdaluce",-0.0219014447359848,0.0038195280477969,1.35456471357646
"beta",0.0640656578660244,-0.0164987699547845,-0.0361838222433676
"delta",-0.0164987699547845,0.00760592593516839,-0.0265625788669233
"lambdaluce",-0.0361838222433676,-0.0265625788669233,1.82498185732985
"beta",0.0312392864321562,-0.0140534006799858,-0.0935088561350061
"delta",-0.0140534006799858,0.014844355411945,-0.0035713065466853
"lambdaluce",-0.0935088561350061,-0.0035713065466853,1.88506964303107
"beta",0.00289265291732702,-0.00121873777806065,-0.0194749951590236
"delta",-0.00121873777806065,0.00100730649492156,-0.000753310693599547
"lambdaluce",-0.0194749951590236,-0.000753310693599547,1.1175299860679
"beta",0.00484489596945766,-0.00124235376052273,-0.0775166991420087
"delta",-0.00124235376052273,0.0124366832990201,0.0259778215370914
"lambdaluce",-0.0775166991420087,0.0259778215370914,2.04840176639952
"beta",0.00438664457236283,-0.00153009335968401,-0.0212188332655695
"delta",-0.00153009335968401,0.00121692169944098,0.0030627750654116
"lambdaluce",-0.0212188332655695,0.0030627750654116,0.263453376829863
"beta",0.00376171598170484,-0.00114091110385854,-0.037220759343973
"delta",-0.00114091110385854,0.00223670131912363,0.0123921845466373
"lambdaluce",-0.037220759343973,0.0123921845466373,1.51362030729009
"beta",0.0177656184234994,-0.00650776959486484,-0.0572568536872767
"delta",-0.00650776959486484,0.00422798362489245,-0.0161814150036355
"lambdaluce",-0.0572568536872767,-0.0161814150036355,1.63842440325408
"beta",0.0055692946599796,-0.00125000052967732,-0.05032530340747
"delta",-0.00125000052967732,0.00257655816989611,0.00989710502856989
"lambdaluce",-0.05032530340747,0.00989710502856989,0.810070990310224
"beta",0.077272774390352,-0.023796504941658,0.0697539233464833
"delta",-0.023796504941658,0.0407768453040434,-0.115252233441654
"lambdaluce",0.0697539233464833,-0.115252233441654,2.21258598338942
"beta",0.0467062262480116,-0.0338215180096111,0.0606107087405715
"delta",-0.0338215180096111,0.107457588256462,-0.189818870990784
"lambdaluce",0.0606107087405715,-0.189818870990784,1.53382711170736
"beta",0.0016536594860087,-0.000249928280818902,-0.00629240008384662
"delta",-0.000249928280818902,0.000637641317185344,-0.000409320802834518
"lambdaluce",-0.00629240008384662,-0.000409320802834518,0.488858616956761
"beta",0.0388767905992318,-0.0206801306512707,-0.0148414060735631
"delta",-0.0206801306512707,0.0401136033464882,-0.0721668903307829
"lambdaluce",-0.0148414060735631,-0.0721668903307829,1.76754815731398
"beta",0.0046874760742043,-0.00119497462226694,-0.0643837532083122
"delta",-0.00119497462226694,0.00155130649056876,0.0116742154080889
"lambdaluce",-0.0643837532083122,0.0116742154080889,1.5689357419499
"beta",0.00836179254643895,-0.00139658329564276,-0.0519351610304732
"delta",-0.00139658329564276,0.00292901331240212,0.00643191928085525
"lambdaluce",-0.0519351610304732,0.00643191928085525,0.432632951914175
"beta",0.043159746451481,-0.0189800846621969,-0.0862641754551285
"delta",-0.0189800846621969,0.0156330081029281,-0.00363151500325782
"lambdaluce",-0.0862641754551285,-0.00363151500325782,1.76693605213863
"beta",0.00873183281922683,-0.0038443878638509,-0.0974350298756817
"delta",-0.0038443878638509,0.0171615326942685,0.0402176920310501
"lambdaluce",-0.0974350298756817,0.0402176920310501,1.55678407321999
"beta",0.0134082247752578,-0.00488549396004767,-0.122200962808641
"delta",-0.00488549396004767,0.00901856022933228,0.0389151171166734
"lambdaluce",-0.122200962808641,0.0389151171166734,1.47161394983299
"beta",0.0154144497329085,-0.0045317067054758,-0.00141853513075134
"delta",-0.0045317067054758,0.00265582070642349,-0.0363638197039895
"lambdaluce",-0.00141853513075134,-0.0363638197039895,1.66850109726493
"beta",0.007565546087025,-0.00261653705352533,-0.10523751602843
"delta",-0.00261653705352533,0.00879915316257557,0.0340478374201167
"lambdaluce",-0.10523751602843,0.0340478374201167,1.8996538067089
"beta",0.00404432532280427,-0.00139279700741516,-0.0120751819677007
"delta",-0.00139279700741516,0.00109018168650263,-0.0153515542256943
"lambdaluce",-0.0120751819677007,-0.0153515542256943,1.33575051086208
"beta",0.00637770896554234,-0.00238619844502342,-0.0874577286664761
"delta",-0.00238619844502342,0.015550830722503,0.0415471496118609
"lambdaluce",-0.0874577286664761,0.0415471496118609,1.89811433113828
"beta",0.00215873514975673,-0.000833022813786335,-0.0198707269551743
"delta",-0.000833022813786335,0.000623676114894057,0.00433089193083828
"lambdaluce",-0.0198707269551743,0.00433089193083828,1.1735390752243
"beta",0.00237770001947519,-0.000356961878427864,-0.019171476856019
"delta",-0.000356961878427864,0.000218753996986406,0.0011024777087273
"lambdaluce",-0.019171476856019,0.0011024777087273,0.647076939041432
"beta",0.042404898228279,-0.0168256279373934,-0.0562143359641488
"delta",-0.0168256279373934,0.0143631571115747,-0.029675503217041
"lambdaluce",-0.0562143359641488,-0.029675503217041,1.5492118926726
"beta",0.035095223090846,-0.0159312115344168,-0.0626049687497495
"delta",-0.0159312115344168,0.0230346182366536,-0.0387998764580009
"lambdaluce",-0.0626049687497495,-0.0387998764580009,1.9153177582446
"beta",0.00311655391551984,-0.000723862512906802,-0.0501691820403305
"delta",-0.000723862512906802,0.000370123064522306,0.00998064228027382
"lambdaluce",-0.0501691820403305,0.00998064228027382,1.42526883158777
"beta",0.0798133646714221,-0.0272614375642695,0.0527641359018488
"delta",-0.0272614375642695,0.0451124976901735,-0.0936926060560963
"lambdaluce",0.0527641359018488,-0.0936926060560963,1.94516226750568
"beta",0.050494899174245,-0.0100816497394381,-0.0307233450669218
"delta",-0.0100816497394381,0.00348384129930973,-0.0270525982401128
"lambdaluce",-0.0307233450669218,-0.0270525982401128,1.99457839796925
"beta",0.0747192517960066,-0.0321919028622176,0.0785749025547569
"delta",-0.0321919028622176,0.0470485263202718,-0.0981560508781964
"lambdaluce",0.0785749025547569,-0.0981560508781964,2.23704369760271
"beta",0.00986040091716339,-0.00388134138681868,-0.0739151769641366
"delta",-0.00388134138681868,0.00316160485280949,0.00260760099882241
"lambdaluce",-0.0739151769641366,0.00260760099882241,1.50588695992036
"beta",0.00590263611315607,-0.00218437373310947,-0.0908264710367902
"delta",-0.00218437373310947,0.00825333510755088,0.0257753163083223
"lambdaluce",-0.0908264710367902,0.0257753163083223,1.77789957160495
"beta",0.00753815375766857,-0.00178892118485765,-0.0403203861897945
"delta",-0.00178892118485765,0.00105265731505359,0.00878924275533895
"lambdaluce",-0.0403203861897945,0.00878924275533895,0.291353532792342
"beta",0.00288315962959854,-0.00078751055664699,-0.017891440177678
"delta",-0.00078751055664699,0.00153995675394208,0.00301318088179269
"lambdaluce",-0.017891440177678,0.00301318088179269,0.672602362025532
"beta",0.00735496636195274,-0.000650874822284737,-0.0671417180097829
"delta",-0.000650874822284737,0.00207927478204574,0.00568353239074586
"lambdaluce",-0.0671417180097829,0.00568353239074586,0.834397445246229
"beta",0.0025249888996963,-0.0011885763935479,-0.0162769873962653
"delta",-0.0011885763935479,0.00128082660735379,0.00331708379040585
"lambdaluce",-0.0162769873962653,0.00331708379040585,0.816054802371639
"beta",0.00569122185695644,-0.00161379301927995,-0.0229933028207703
"delta",-0.00161379301927995,0.00133522662805873,-0.0208146643250305
"lambdaluce",-0.0229933028207703,-0.0208146643250305,1.37917989583801
"beta",0.00529618320310919,-0.00114491501810097,-0.0586082448250066
"delta",-0.00114491501810097,0.000604295548836147,0.00942851165260157
"lambdaluce",-0.0586082448250066,0.00942851165260157,1.04068893627044
"beta",0.00933788821401351,-0.00412761019662236,-0.10383619035482
"delta",-0.00412761019662236,0.00474951536844978,0.0415559544708444
"lambdaluce",-0.10383619035482,0.0415559544708444,1.57987034414064
"beta",0.0142080283590149,-0.00844887814641464,-0.0514358876556388
"delta",-0.00844887814641464,0.0420951590636001,0.00834217568073114
"lambdaluce",-0.0514358876556388,0.00834217568073114,1.26994430741184
"beta",0.0311259759247924,-0.0101512188197193,-0.0715406961785919
"delta",-0.0101512188197193,0.00736232282440607,-0.0225027062032304
"lambdaluce",-0.0715406961785919,-0.0225027062032304,1.80153879904853
"beta",0.00590199167952924,-0.00146780098364753,-0.0896471477558359
"delta",-0.00146780098364753,0.00461185063959159,0.0150041197654472
"lambdaluce",-0.0896471477558359,0.0150041197654472,1.73898479001397
"beta",0.00997232345397561,-0.00420903038446154,-0.116305640757698
"delta",-0.00420903038446154,0.00746238815582809,0.0464156029301529
"lambdaluce",-0.116305640757698,0.0464156029301529,1.74140254352768
"beta",0.00464690878836236,-0.000865930586977048,-0.0484028057832616
"delta",-0.000865930586977048,0.00174676617820922,0.00550724221383029
"lambdaluce",-0.0484028057832616,0.00550724221383029,1.42963252956646
"beta",0.0284599196446943,-0.0135796777070923,-0.0620826464930776
"delta",-0.0135796777070923,0.0405611684253739,-0.0719095735507174
"lambdaluce",-0.0620826464930776,-0.0719095735507174,1.3869911031733
"beta",0.0648687215084187,-0.0502307597376138,0.0457562296470671
"delta",-0.0502307597376138,0.0969368659270149,-0.0863919437644502
"lambdaluce",0.0457562296470671,-0.0863919437644502,1.78104480813973
"beta",0.0327802208679272,-0.0139153942752382,-0.0622329166211447
"delta",-0.0139153942752382,0.0219328979420791,-0.0463664227662679
"lambdaluce",-0.0622329166211447,-0.0463664227662679,1.55454900242522
"beta",0.00926995881582838,-0.00462222284835221,-0.0985313073189307
"delta",-0.00462222284835221,0.0199098939030993,0.0510275685685596
"lambdaluce",-0.0985313073189307,0.0510275685685596,1.81886073807127
"beta",0.0729814828602473,-0.0273407923683553,0.0357340727087164
"delta",-0.0273407923683553,0.043264626645691,-0.0909882360385158
"lambdaluce",0.0357340727087164,-0.0909882360385158,1.90202309188525
"beta",0.02511610954904,-0.0131556851857749,-0.075621817031099
"delta",-0.0131556851857749,0.0158792555632256,-0.00367460504666418
"lambdaluce",-0.075621817031099,-0.00367460504666418,1.11807762101467
"beta",0.0324074980002361,-0.0095161352903969,-0.0866003453101295
"delta",-0.0095161352903969,0.00578650341638767,-0.00753049310670425
"lambdaluce",-0.0866003453101295,-0.00753049310670425,2.0580616313693
"beta",0.021820399874372,-0.0109378858833227,-0.0836590785611768
"delta",-0.0109378858833227,0.0145637329282668,-0.00597380822842493
"lambdaluce",-0.0836590785611768,-0.00597380822842493,1.22590964298779
"beta",0.00697801058622057,-0.00190106045931714,-0.0541289302986515
"delta",-0.00190106045931714,0.0151065293628666,0.0128323100682042
"lambdaluce",-0.0541289302986515,0.0128323100682042,0.665097517085826
"beta",0.0268178338367858,-0.0308650109546708,-0.0273584090823044
"delta",-0.0308650109546708,0.0827443474727455,0.0289049920420304
"lambdaluce",-0.0273584090823044,0.0289049920420304,1.97743874698628
"beta",0.00874961379644386,-0.00295988654066933,-0.096448636384141
"delta",-0.00295988654066933,0.0065339941234312,0.0175325184677673
"lambdaluce",-0.096448636384141,0.0175325184677673,1.58577719133058
"beta",0.011705403153525,-0.00417049664683811,-0.0477918218542282
"delta",-0.00417049664683811,0.00389849651473898,0.0124371346938693
"lambdaluce",-0.0477918218542282,0.0124371346938693,0.270492148071882
"beta",0.0186617427442635,-0.0144700232152883,-0.0445028292990296
"delta",-0.0144700232152883,0.0435042928255421,0.00153128859347791
"lambdaluce",-0.0445028292990296,0.00153128859347791,1.07138999873521
"beta",0.068276691135946,-0.0256080547614065,0.0551850306520354
"delta",-0.0256080547614065,0.0313991567534624,-0.0793280556945394
"lambdaluce",0.0551850306520354,-0.0793280556945394,1.89469430876188
"beta",0.0353328054027551,-0.0306430778724478,-0.0172838374474863
"delta",-0.0306430778724478,0.0869651870173829,-0.0217067912616081
"lambdaluce",-0.0172838374474863,-0.0217067912616081,1.34108348099183
"beta",0.000761385306460707,-0.00037529228132512,0.0031404644349635
"delta",-0.00037529228132512,0.000870816162643593,-0.00473501879071795
"lambdaluce",0.0031404644349635,-0.00473501879071795,1.71412136584503
"beta",0.00511073125595176,-0.000470044278005104,-0.0875320488863238
"delta",-0.000470044278005104,0.00540905488556311,0.0100243458452185
"lambdaluce",-0.0875320488863238,0.0100243458452185,1.99354065748778
"beta",0.00328734190464703,-0.0012560558408924,-0.0425055551300484
"delta",-0.0012560558408924,0.000768924694877909,0.0152537432736446
"lambdaluce",-0.0425055551300484,0.0152537432736446,1.20856943403375
"beta",0.0487701663850492,-0.0312808321700039,0.00962031765794641
"delta",-0.0312808321700039,0.0616543655936785,-0.0849278196964258
"lambdaluce",0.00962031765794641,-0.0849278196964258,1.57956217959825
"beta",0.00651738816141373,-0.00180369630740143,-0.0290831606771467
"delta",-0.00180369630740143,0.00150645644110334,0.00604054986063439
"lambdaluce",-0.0290831606771467,0.00604054986063439,0.181489990891646
"beta",0.00759620338975529,-0.00199166424877887,-0.0920486590301493
"delta",-0.00199166424877887,0.0124758866746868,0.0314936684717821
"lambdaluce",-0.0920486590301493,0.0314936684717821,1.92312026430575
"beta",0.005861966856628,-0.00171271875167876,-0.0886398356901265
"delta",-0.00171271875167876,0.00848054236299337,0.0252579519050726
"lambdaluce",-0.0886398356901265,0.0252579519050726,1.87679935474739
"beta",0.00243241161470198,-0.000861843470317823,-0.0172680895479836
"delta",-0.000861843470317823,0.00154906753445264,0.00457168932840964
"lambdaluce",-0.0172680895479836,0.00457168932840964,1.23018260563726
"beta",0.00869940483695755,-0.00259032625912436,-0.0987752841656561
"delta",-0.00259032625912436,0.00537054810028034,0.0227634660849418
"lambdaluce",-0.0987752841656561,0.0227634660849418,1.42278534314696
"beta",0.0852029040235352,-0.0345030593388832,0.0575948962012758
"delta",-0.0345030593388832,0.0632176046757021,-0.0998763567853568
"lambdaluce",0.0575948962012758,-0.0998763567853568,2.02799979375985
"beta",0.0540111936958493,-0.0523668269696274,0.0367006171791917
"delta",-0.0523668269696274,0.125373373316436,-0.107315716590367
"lambdaluce",0.0367006171791917,-0.107315716590367,1.52337172461069
"beta",0.0772914578847354,-0.0333967500804676,0.0936165959875766
"delta",-0.0333967500804676,0.071292062669886,-0.166184306082273
"lambdaluce",0.0936165959875766,-0.166184306082273,2.2555137212677
"beta",0.0793022506346413,-0.0217940897390779,0.0519980763070633
"delta",-0.0217940897390779,0.0293962032794409,-0.0901506457751526
"lambdaluce",0.0519980763070633,-0.0901506457751526,2.2787843674546
"beta",0.00118839591171079,-0.000132560466217272,-0.00276175902026148
"delta",-0.000132560466217272,0.000370523294931362,-0.00121571850319772
"lambdaluce",-0.00276175902026148,-0.00121571850319772,1.50840055951839
"beta",0.00332792177745751,-0.000568473403886141,-0.0307637792311395
"delta",-0.000568473403886141,0.000301342210025419,0.00375019562621039
"lambdaluce",-0.0307637792311395,0.00375019562621039,0.663433981844713
"beta",0.00482591187050544,-0.00109136938556516,-0.0702736079162758
"delta",-0.00109136938556516,0.000662906446044804,0.0125655347394645
"lambdaluce",-0.0702736079162758,0.0125655347394645,1.49141587864191
"beta",0.00677937715744852,-0.00141550898202638,-0.0482476937723912
"delta",-0.00141550898202638,0.000758142888759725,0.00839533443457082
"lambdaluce",-0.0482476937723912,0.00839533443457082,0.469387095532768
"beta",0.0494651110461935,-0.0301413263125079,0.0418238917219691
"delta",-0.0301413263125079,0.0771267928212922,-0.120966275320163
"lambdaluce",0.0418238917219691,-0.120966275320163,1.30860583845929
"beta",0.0186750140854777,-0.00387806361046493,-0.0407095028309242
"delta",-0.00387806361046493,0.00169512995310765,-0.025474129571851
"lambdaluce",-0.0407095028309242,-0.025474129571851,2.05666132943438
"beta",0.0798357638722001,-0.0265882161842705,0.0341179723105178
"delta",-0.0265882161842705,0.0327999464708846,-0.0775525765848041
"lambdaluce",0.0341179723105178,-0.0775525765848041,1.92342398788719
"beta",0.00212988082170389,-0.000241781256542544,-0.0224617550197296
"delta",-0.000241781256542544,0.000475518705821015,0.00524809444795113
"lambdaluce",-0.0224617550197296,0.00524809444795113,1.09903228087194
"beta",0.0798294372312362,-0.0185855715267855,0.0464825283931976
"delta",-0.0185855715267855,0.0204140237703014,-0.0619705212289098
"lambdaluce",0.0464825283931976,-0.0619705212289098,1.92571654179899
"beta",0.0798008402786319,-0.0191095771894274,0.0522671382218647
"delta",-0.0191095771894274,0.0262813196886207,-0.069992622166032
"lambdaluce",0.0522671382218647,-0.069992622166032,2.06288777794969
"beta",0.0393397629284386,-0.027370299276027,0.0439943458553188
"delta",-0.027370299276027,0.064620779218611,-0.117797673738139
"lambdaluce",0.0439943458553188,-0.117797673738139,1.71670970277278
"beta",0.00183213044965636,-0.000611810095933837,-0.0163304919257213
"delta",-0.000611810095933837,0.000437085888042072,0.00299278632828547
"lambdaluce",-0.0163304919257213,0.00299278632828547,0.538968132971463
"beta",0.0276934517382564,-0.00910504846516395,-0.0785716344095728
"delta",-0.00910504846516395,0.00925562354595196,-0.0264686337600998
"lambdaluce",-0.0785716344095728,-0.0264686337600998,2.00711326195559
"beta",0.0781385253377126,-0.0397118351872877,0.0648441704175938
"delta",-0.0397118351872877,0.0685490666429835,-0.119646311214729
"lambdaluce",0.0648441704175938,-0.119646311214729,1.93962966112288
"beta",0.00951805289612776,-0.00536735364348673,-0.0923797265108954
"delta",-0.00536735364348673,0.0194760623948722,0.0525774341144419
"lambdaluce",-0.0923797265108954,0.0525774341144419,1.94577801301103
"beta",0.00643279010932465,-0.00117021672266162,-0.0833517824904648
"delta",-0.00117021672266162,0.00481113398242695,0.0121592331282802
"lambdaluce",-0.0833517824904648,0.0121592331282802,1.32082201736
"beta",0.00778882240947009,-0.00266914148811937,-0.0298832751170667
"delta",-0.00266914148811937,0.0024267770015567,0.00108854804408918
"lambdaluce",-0.0298832751170667,0.00108854804408918,0.255070014407373
"beta",0.00702808563901801,-0.00244891107276493,-0.080484786026824
"delta",-0.00244891107276493,0.0257620781837562,0.0468674712863933
"lambdaluce",-0.080484786026824,0.0468674712863933,2.01672022540893
"beta",0.00450813851674977,-0.00166502621205226,-0.0464077145155896
"delta",-0.00166502621205226,0.0011929293732742,0.016289438398325
"lambdaluce",-0.0464077145155896,0.016289438398325,0.807342980270548
"beta",0.00804084379404322,-0.00547598808337243,-0.093788043423338
"delta",-0.00547598808337243,0.019171884561221,0.066761884113772
"lambdaluce",-0.093788043423338,0.066761884113772,1.88641321780676
"beta",0.00821104093857043,-0.00174598771481941,-0.0775691556087262
"delta",-0.00174598771481941,0.00420864799463559,0.0119257384481009
"lambdaluce",-0.0775691556087262,0.0119257384481009,0.96102946091058
"beta",0.00937074940340133,-0.00279867533431004,-0.101898121923623
"delta",-0.00279867533431004,0.0163426744589211,0.0384776798604413
"lambdaluce",-0.101898121923623,0.0384776798604413,1.79541404874167
"beta",0.0765929761360545,-0.0361816808834102,0.054705364387641
"delta",-0.0361816808834102,0.0541579014705909,-0.0990649789372813
"lambdaluce",0.054705364387641,-0.0990649789372813,1.92007781032579
"beta",0.00935356929333717,-0.00355174377498392,-0.0465996534350062
"delta",-0.00355174377498392,0.00297062129958571,-0.00724856621328146
"lambdaluce",-0.0465996534350062,-0.00724856621328146,1.00860473591997
"beta",0.0117301735217753,-0.00418098862681691,-0.094145437162896
"delta",-0.00418098862681691,0.00350321157503864,0.0262259403742701
"lambdaluce",-0.094145437162896,0.0262259403742701,1.04271873062688
"beta",0.000614934905965053,-0.000171362319325354,-0.00393018730089792
"delta",-0.000171362319325354,0.00054574874411619,-0.0024733366996485
"lambdaluce",-0.00393018730089792,-0.0024733366996485,1.40795635171643
"beta",0.00472881163229706,-0.00180351373471432,-0.00505773105409276
"delta",-0.00180351373471432,0.00227707676966304,-0.0183531457495832
"lambdaluce",-0.00505773105409276,-0.0183531457495832,0.422293057348655
"beta",0.00618540487695121,-0.00221525609111832,-0.0920162924676095
"delta",-0.00221525609111832,0.00777700962604412,0.0250869227175433
"lambdaluce",-0.0920162924676095,0.0250869227175433,1.72253157683643
"beta",0.00267456906143745,-0.000791762532944511,-0.000756660357985495
"delta",-0.000791762532944511,0.00076498868409612,-0.0207926877969801
"lambdaluce",-0.000756660357985495,-0.0207926877969801,1.36507870599474
"beta",0.0277687702087145,-0.00696106521012983,-0.0628567181406865
"delta",-0.00696106521012983,0.00358396846019271,-0.0269897685475468
"lambdaluce",-0.0628567181406865,-0.0269897685475468,1.96525570792402
"beta",0.00137921488893825,-0.000269978416878835,-0.00967477393157369
"delta",-0.000269978416878835,0.000746814240613737,0.00139637602715961
"lambdaluce",-0.00967477393157369,0.00139637602715961,0.755610579946377
"beta",0.0246920596996332,-0.0292671297121457,-0.0484394750193147
"delta",-0.0292671297121457,0.0761149007066833,0.0238886288279592
"lambdaluce",-0.0484394750193147,0.0238886288279592,1.94371958743651
"beta",0.00762728644456294,-0.00355846227543627,-0.0985853040231338
"delta",-0.00355846227543627,0.00803815860188095,0.0446456884664632
"lambdaluce",-0.0985853040231338,0.0446456884664632,1.71470673381938
"beta",0.00393240317818427,-0.000534836615161848,-0.0450988602436078
"delta",-0.000534836615161848,0.000205956517988952,0.00505242215091162
"lambdaluce",-0.0450988602436078,0.00505242215091162,1.00872940703405
"beta",0.00790553190867003,-0.00292949291238553,-0.102571111795982
"delta",-0.00292949291238553,0.00888795193839855,0.0366392327195834
"lambdaluce",-0.102571111795982,0.0366392327195834,1.89998825737199
"beta",0.00614412284865291,-0.00235926978868663,-0.0974325229248452
"delta",-0.00235926978868663,0.011682606957704,0.0341922482998723
"lambdaluce",-0.0974325229248452,0.0341922482998723,2.08352008196386
"beta",0.00542217350310569,-0.00120041447646148,-0.0751481646141327
"delta",-0.00120041447646148,0.00216882632973342,0.0103098104841272
"lambdaluce",-0.0751481646141327,0.0103098104841272,1.66547490192897
"beta",0.0765387064030222,-0.0306463953595099,0.0628550844502093
"delta",-0.0306463953595099,0.0547342322718849,-0.110564863030636
"lambdaluce",0.0628550844502093,-0.110564863030636,1.99198003540211
"beta",0.0756336882309076,-0.0293074348507655,0.0288013701168704
"delta",-0.0293074348507655,0.0541141938070826,-0.112933287014049
"lambdaluce",0.0288013701168704,-0.112933287014049,1.92281051335168
"beta",0.0347990850074886,-0.0155998521354804,-0.0914982121029965
"delta",-0.0155998521354804,0.0181134708947754,0.00600866466347376
"lambdaluce",-0.0914982121029965,0.00600866466347376,1.97732142751613
"beta",0.00800850269077515,-0.00139700458905366,-0.0649321525355528
"delta",-0.00139700458905366,0.00310369251914173,0.00863128037943931
"lambdaluce",-0.0649321525355528,0.00863128037943931,0.699456832743026
"beta",0.00979561400875552,-0.00328028108128394,-0.0792950550906844
"delta",-0.00328028108128394,0.00255150721613692,0.0252805177765721
"lambdaluce",-0.0792950550906844,0.0252805177765721,0.819956026788821
"beta",0.00998699787482891,-0.00171291038576925,-0.049689764891836
"delta",-0.00171291038576925,0.0377078443481235,-0.0184234846141352
"lambdaluce",-0.049689764891836,-0.0184234846141352,1.03039985051271
"beta",0.0190105690334721,-0.012041951272127,-0.041458921395535
"delta",-0.012041951272127,0.0443764002649658,-0.0487226791750163
"lambdaluce",-0.041458921395535,-0.0487226791750163,1.47957943734891
"beta",0.00502315605913182,-0.00198040620557844,-0.0830652030853122
"delta",-0.00198040620557844,0.00205869609952393,0.0299593665407345
"lambdaluce",-0.0830652030853122,0.0299593665407345,1.82054711406582
"beta",0.00822333909815734,-0.00303101769522638,-0.0504089952930959
"delta",-0.00303101769522638,0.00226859586293643,-0.00489988299131073
"lambdaluce",-0.0504089952930959,-0.00489988299131073,1.31049534875134
"beta",0.0771808109095261,-0.0102814421578467,0.0359717094193398
"delta",-0.0102814421578467,0.0152864390022216,-0.0404960771495145
"lambdaluce",0.0359717094193398,-0.0404960771495145,2.06308593306368
"beta",0.0675755953108842,-0.0562662987232424,0.0522546092442732
"delta",-0.0562662987232424,0.136124286241576,-0.147817540026615
"lambdaluce",0.0522546092442732,-0.147817540026615,1.66608055840366
"beta",0.00681327726524268,-0.00253027816851436,-0.0927585553709493
"delta",-0.00253027816851436,0.00305475481455285,0.0308287114875917
"lambdaluce",-0.0927585553709493,0.0308287114875917,1.60597217610761
"beta",0.00552518417693211,-0.00230403530687193,-0.0629361504249083
"delta",-0.00230403530687193,0.00174049724543669,0.0243269636369882
"lambdaluce",-0.0629361504249083,0.0243269636369882,1.173117446427
"beta",0.0366843542217081,-0.011137802457499,-0.0629644972455227
"delta",-0.011137802457499,0.00551005973682138,-0.0170216707306892
"lambdaluce",-0.0629644972455227,-0.0170216707306892,1.82238204888176
"beta",0.00123777806297774,-0.000436398506597863,-0.0112574310089346
"delta",-0.000436398506597863,0.000312696290720901,0.00187190340370147
"lambdaluce",-0.0112574310089346,0.00187190340370147,0.717257246739173
"beta",0.0845577188950604,-0.0274989693865407,0.0310351783532494
"delta",-0.0274989693865407,0.0489523820105438,-0.087681214246471
"lambdaluce",0.0310351783532494,-0.087681214246471,2.05240678357626
"beta",0.0191770894609311,-0.0104855718675119,-0.0793686276413652
"delta",-0.0104855718675119,0.0154476456818245,0.00120951226272
"lambdaluce",-0.0793686276413652,0.00120951226272,1.22655702064984
"beta",0.035859454743696,-0.0274560789195273,-0.0318299130613393
"delta",-0.0274560789195273,0.0755417793064207,-0.0448337084114593
"lambdaluce",-0.0318299130613393,-0.0448337084114593,1.40992840991352
"beta",0.0053981705362794,-0.00078460406492678,-0.0592638753307358
"delta",-0.00078460406492678,0.00167333820802366,0.00313167800146979
"lambdaluce",-0.0592638753307358,0.00313167800146979,1.34627591930779
"beta",0.00885649457004288,-0.00286890980307056,-0.0233790920620582
"delta",-0.00286890980307056,0.00190062526291821,-0.0209642728699146
"lambdaluce",-0.0233790920620582,-0.0209642728699146,1.4437077444797
"beta",0.00175846806286297,-0.00020010964977282,-0.0248715055221403
"delta",-0.00020010964977282,0.000224263375914796,0.00388434621950104
"lambdaluce",-0.0248715055221403,0.00388434621950104,1.32667401094365
"beta",0.0837854138524211,-0.0279509370215576,0.0657153088368944
"delta",-0.0279509370215576,0.0480110341323014,-0.101717932802659
"lambdaluce",0.0657153088368944,-0.101717932802659,2.19588789206435
"beta",0.0677155933572587,-0.0320854313498906,0.055650954534945
"delta",-0.0320854313498906,0.0734394852331851,-0.158154376381275
"lambdaluce",0.055650954534945,-0.158154376381275,1.93909139411821
"beta",0.0874771150586963,-0.0351532829788707,0.0653564367372447
"delta",-0.0351532829788707,0.0556339449490216,-0.126337408093291
"lambdaluce",0.0653564367372447,-0.126337408093291,1.86929108324779
"beta",0.0253308837380641,-0.0103191538989645,-0.116434580791426
"delta",-0.0103191538989645,0.0079539924082404,0.00912150346510616
"lambdaluce",-0.116434580791426,0.00912150346510616,1.70494989108173
"beta",0.0552785120761282,-0.0153330450063388,-0.0373219948594532
"delta",-0.0153330450063388,0.0143600403855284,-0.0444626222380759
"lambdaluce",-0.0373219948594532,-0.0444626222380759,1.89972094681159
"beta",0.00173930687873764,-0.000550355990699551,-0.0135040274086291
"delta",-0.000550355990699551,0.000453398940196009,0.00142065414479085
"lambdaluce",-0.0135040274086291,0.00142065414479085,0.403435531399728
"beta",0.0696804134630409,-0.0168834265620884,0.0192849662573089
"delta",-0.0168834265620884,0.0175078945850497,-0.0687163887873295
"lambdaluce",0.0192849662573089,-0.0687163887873295,2.01135810991953
"beta",0.0555787837250548,-0.0384152941713858,0.0442447316980581
"delta",-0.0384152941713858,0.089640753593371,-0.13971398820573
"lambdaluce",0.0442447316980581,-0.13971398820573,1.67746939301705
"beta",0.0589860307602765,-0.0466834149506851,0.00528172575635398
"delta",-0.0466834149506851,0.102205516907515,-0.0667521506721426
"lambdaluce",0.00528172575635398,-0.0667521506721426,1.57053522114627
"beta",0.00646917926553055,-0.00086889491650532,-0.086348770178678
"delta",-0.00086889491650532,0.0024395208789129,0.0106686743836628
"lambdaluce",-0.086348770178678,0.0106686743836628,1.5827586073247
"beta",0.0472169111188114,-0.0174333324487308,0.00821621659571668
"delta",-0.0174333324487308,0.0192085151445769,-0.0577852897258458
"lambdaluce",0.00821621659571668,-0.0577852897258458,1.72530538821587
"beta",0.00320204246682839,-0.000631232435502115,-0.0153883181047633
"delta",-0.000631232435502115,0.000635474079897383,-0.000323428430001382
"lambdaluce",-0.0153883181047633,-0.000323428430001382,1.30277027051714
"beta",0.00328055098518769,-0.00109451735430995,-0.0275071274262486
"delta",-0.00109451735430995,0.000710458871899504,0.00721189857409766
"lambdaluce",-0.0275071274262486,0.00721189857409766,0.502819716335531
"beta",0.0066892446666542,-0.00192259138037396,-0.100681162519566
"delta",-0.00192259138037396,0.00585556232112156,0.0227375163215137
"lambdaluce",-0.100681162519566,0.0227375163215137,1.85101151480835
"beta",0.00571492987309087,-0.00198419501731856,-0.0891383731390395
"delta",-0.00198419501731856,0.00806593554019902,0.0335078558432918
"lambdaluce",-0.0891383731390395,0.0335078558432918,2.0069989451157
"beta",0.00627647675206498,-0.0014796162312812,-0.0920390289448534
"delta",-0.0014796162312812,0.00383911237771398,0.0163263960885864
"lambdaluce",-0.0920390289448534,0.0163263960885864,1.71464164870583
"beta",0.00760795766367331,-0.00212819908741828,-0.06520835780296
"delta",-0.00212819908741828,0.00164947701021682,0.0144465187130573
"lambdaluce",-0.06520835780296,0.0144465187130573,0.726736323528148
"beta",0.00521240738679708,-0.0017794086817081,-0.0835336416291595
"delta",-0.0017794086817081,0.00333663637313001,0.0178821197569726
"lambdaluce",-0.0835336416291595,0.0178821197569726,1.7580465077093
"beta",0.0185002618083988,-0.0135866812364653,-0.0985116464649713
"delta",-0.0135866812364653,0.0306133435680048,0.0540236813046621
"lambdaluce",-0.0985116464649713,0.0540236813046621,1.63770571053372
"beta",0.0169578789527188,-0.00529193961648566,-0.021932244837597
"delta",-0.00529193961648566,0.00360014248414997,-0.03211654441812
"lambdaluce",-0.021932244837597,-0.03211654441812,1.33040682590406
"beta",0.0110707609001062,-0.00291542104093529,-0.0207645520724841
"delta",-0.00291542104093529,0.00191983102724447,-0.0308027440512631
"lambdaluce",-0.0207645520724841,-0.0308027440512631,1.7086497902151
"beta",0.0564434977554021,-0.019418924724285,0.0207820301606385
"delta",-0.019418924724285,0.0235312251071287,-0.0732599948645787
"lambdaluce",0.0207820301606385,-0.0732599948645787,1.81704346566644
"beta",0.00214040822706285,-0.000801474971734593,-0.0118316631894088
"delta",-0.000801474971734593,0.00137999171334519,0.00206760137537482
"lambdaluce",-0.0118316631894088,0.00206760137537482,0.992319021615007
"beta",0.0800589128547813,-0.0199461864681208,0.0230310836761179
"delta",-0.0199461864681208,0.0281902299407006,-0.0557910547807414
"lambdaluce",0.0230310836761179,-0.0557910547807414,2.0861452794607
"beta",0.00532049300153114,-0.00123011120457866,-0.0895382288427875
"delta",-0.00123011120457866,0.00589519164097138,0.0146027178601092
"lambdaluce",-0.0895382288427875,0.0146027178601092,1.87849450681553
"beta",0.0502828278028069,-0.0332614846453254,0.0165351415682797
"delta",-0.0332614846453254,0.0879536447076952,-0.116070170703791
"lambdaluce",0.0165351415682797,-0.116070170703791,1.6779053123169
"beta",0.00859898090766265,-0.00370876520766191,-0.10567304921247
"delta",-0.00370876520766191,0.00945806538917441,0.0387879763425642
"lambdaluce",-0.10567304921247,0.0387879763425642,1.65905797729886
"beta",0.00554362545134932,-0.00166413084865248,-0.0528354273035462
"delta",-0.00166413084865248,0.00106849908902304,0.0157302020141396
"lambdaluce",-0.0528354273035462,0.0157302020141396,0.703973143710823
"beta",0.00360599883685014,-0.00133459005553368,-0.0162788723098744
"delta",-0.00133459005553368,0.00136432762007238,-0.00778720543731979
"lambdaluce",-0.0162788723098744,-0.00778720543731979,0.640185064905334
"beta",0.00896871170134214,-0.00170070350449537,-0.0752188758549344
"delta",-0.00170070350449537,0.0220794547084366,0.0184075894985278
"lambdaluce",-0.0752188758549344,0.0184075894985278,1.03539581539223
"beta",0.0343172343844526,-0.0206794214880675,-0.0572925214807351
"delta",-0.0206794214880675,0.02704016342783,-0.0132837592933131
"lambdaluce",-0.0572925214807351,-0.0132837592933131,1.26311202455618
"beta",0.00603063978466049,-0.00160139374228486,-0.0867639754308898
"delta",-0.00160139374228486,0.0170944325991476,0.0286878843312161
"lambdaluce",-0.0867639754308898,0.0286878843312161,2.07011951158517
"beta",0.0299259703622499,-0.0326380116854234,-0.0184849443902487
"delta",-0.0326380116854234,0.0840109720825226,0.0454760640679472
"lambdaluce",-0.0184849443902487,0.0454760640679472,2.01315387548757
"beta",0.00442622384703411,-0.000922838546623268,-0.0427556954947232
"delta",-0.000922838546623268,0.00163918378650847,0.00518593334508803
"lambdaluce",-0.0427556954947232,0.00518593334508803,1.35218631510269
"beta",0.027177664375281,-0.00681783953534379,-0.0496341490857811
"delta",-0.00681783953534379,0.0031838890626606,-0.0276060093432349
"lambdaluce",-0.0496341490857811,-0.0276060093432349,2.03620409630048
"beta",0.00878257600221308,-0.00329011125224529,-0.0953874924170807
"delta",-0.00329011125224529,0.00274086785977498,0.0313153590206125
"lambdaluce",-0.0953874924170807,0.0313153590206125,1.37653203065646
"beta",0.00183116267333152,-0.000655315725320684,-0.00694827172490472
"delta",-0.000655315725320684,0.00143502272071971,0.00133841860364459
"lambdaluce",-0.00694827172490472,0.00133841860364459,1.42950156596197
"beta",0.0318030589868967,-0.00971043556635801,-0.0804858889184999
"delta",-0.00971043556635801,0.00589768622831655,-0.0228495370270766
"lambdaluce",-0.0804858889184999,-0.0228495370270766,2.01507265160479
"beta",0.00707950166659839,-0.00227904917042536,-0.0921571921220042
"delta",-0.00227904917042536,0.00381972006105689,0.0214749684544218
"lambdaluce",-0.0921571921220042,0.0214749684544218,1.51303608999008
"beta",0.00516972275118946,-0.000743587312588804,-0.0852834161479854
"delta",-0.000743587312588804,0.0025483536038217,0.0111515407821398
