"","alpha","beta","gamma","delta","lambda","luce"
"",0,0,0,0,0,0
"alpha",0.0438532744306426,0.00282905028971941,0.000617622915905285,0.00126502632607307,0.0259323389857688,0.00259324485577285
"beta",0.00282905028971941,0.00771611062203418,0.00541501228502963,0.0025276537370871,-0.0293496515587354,-0.00266486716129142
"gamma",0.000617622915905285,0.00541501228502963,0.0711875664145535,-0.000171136699749404,-0.000327720729892149,0.00557330918281644
"delta",0.00126502632607307,0.0025276537370871,-0.000171136699749404,0.00672545337866217,-0.000691400587952952,-0.000483327863909623
"lambda",0.0259323389857688,-0.0293496515587354,-0.000327720729892149,-0.000691400587952952,1.14094650026871,-0.0323107170743121
"luce",0.00259324485577285,-0.00266486716129142,0.00557330918281644,-0.000483327863909623,-0.0323107170743121,0.0768093175325776
"alpha",0.0188660976306297,0.00496421805820284,0.00480463017917457,0.00192003497134319,0.0500157456241212,-0.00154792120752673
"beta",0.00496421805820284,0.00414080166213871,0.00374332618643758,0.000614256784048013,-0.021004227128968,-0.000605849260622049
"gamma",0.00480463017917457,0.00374332618643758,0.0233505320797299,-0.000936847540696024,0.00310437282988816,0.00219527709701206
"delta",0.00192003497134319,0.000614256784048013,-0.000936847540696024,0.00473243993538963,0.00555356505896458,0.000309663469143701
"lambda",0.0500157456241212,-0.021004227128968,0.00310437282988816,0.00555356505896458,1.08592206330863,-0.039121750340378
"luce",-0.00154792120752673,-0.000605849260622049,0.00219527709701206,0.000309663469143701,-0.039121750340378,0.0715414959521385
"alpha",0.0617760175744984,0.000578261897760982,-0.0141680801839567,-2.53524068354841e-05,0.0219676501992549,-0.00271225292199024
"beta",0.000578261897760982,0.00394308990163831,0.00246211989590466,0.00115188016509084,-0.00515843802657171,-0.00117314334601358
"gamma",-0.0141680801839567,0.00246211989590466,0.077999015837084,-0.00118561871011574,0.0122449448048492,0.000764918949709399
"delta",-2.53524068354841e-05,0.00115188016509084,-0.00118561871011574,0.00722717482437559,0.00198963756725684,0.000123242202742296
"lambda",0.0219676501992549,-0.00515843802657171,0.0122449448048492,0.00198963756725684,1.05068167477194,-0.022199122679581
"luce",-0.00271225292199024,-0.00117314334601358,0.000764918949709399,0.000123242202742296,-0.022199122679581,0.0803660349163657
"alpha",0.050047963523889,0.00202444032504951,-0.0264340458064931,0.00359552900538727,0.0133515296316616,-0.0035874856928068
"beta",0.00202444032504951,0.0144283127911091,0.000585498496826842,0.0038842068124346,-0.035520137095046,-0.00624069279890706
"gamma",-0.0264340458064931,0.000585498496826842,0.0934959093111707,-0.00450709159324921,-0.0224125713407663,-0.00759368460408356
"delta",0.00359552900538727,0.0038842068124346,-0.00450709159324921,0.0448837898887578,-0.000164401505193343,-0.00343292766896538
"lambda",0.0133515296316616,-0.035520137095046,-0.0224125713407663,-0.000164401505193343,0.976940416529812,-0.0649130244282424
"luce",-0.0035874856928068,-0.00624069279890706,-0.00759368460408356,-0.00343292766896538,-0.0649130244282424,0.0676834441988789
"alpha",0.0538094906051101,0.00018963834903589,-0.0355765561131586,0.00146822594488715,0.00842908341206883,0.00341422235313659
"beta",0.00018963834903589,0.0095215072379808,0.00239927555144778,0.000589551837082337,-0.0375563895930626,-0.00672191723132523
"gamma",-0.0355765561131586,0.00239927555144778,0.100650264960291,-0.00203240268825883,-0.0404726864063025,-0.00863562296408757
"delta",0.00146822594488715,0.000589551837082337,-0.00203240268825883,0.00890047432136649,0.00341519621682076,0.000607462403822367
"lambda",0.00842908341206883,-0.0375563895930626,-0.0404726864063025,0.00341519621682076,0.842318383373027,-0.0154013389012634
"luce",0.00341422235313659,-0.00672191723132523,-0.00863562296408757,0.000607462403822367,-0.0154013389012634,0.0601419956630334
"alpha",0.0331399793402581,0.00578590954730219,-0.00226621857958417,0.00861855470080841,0.00200563478474788,-0.0131693237700573
"beta",0.00578590954730219,0.036977514194089,0.0112087274431736,-0.0128241236303992,-0.0442056518513656,-0.00576216961889268
"gamma",-0.00226621857958417,0.0112087274431736,0.062568723815223,-0.00372267544037802,-0.0292417473058192,-0.00967139968768939
"delta",0.00861855470080841,-0.0128241236303992,-0.00372267544037802,0.04432926813722,-0.0490687170411659,-0.0121469276266159
"lambda",0.00200563478474788,-0.0442056518513656,-0.0292417473058192,-0.0490687170411659,1.33452634984204,-0.0209109187121267
"luce",-0.0131693237700573,-0.00576216961889268,-0.00967139968768939,-0.0121469276266159,-0.0209109187121267,0.0772515307068732
"alpha",0.0491744108424651,-0.00148900373959971,-0.0228145738958175,0.0043705329788084,-0.0113137717604175,-0.00574486024454702
"beta",-0.00148900373959971,0.0736445041040542,0.00323995840090615,-0.0283315244242328,0.00899523565964299,0.00408692535639093
"gamma",-0.0228145738958175,0.00323995840090615,0.0872643967648786,-0.00515974319730636,-0.00903096998530665,-0.00944593235661119
"delta",0.0043705329788084,-0.0283315244242328,-0.00515974319730636,0.0436462849210343,-0.0632407159825499,-0.0114150149824119
"lambda",-0.0113137717604175,0.00899523565964299,-0.00903096998530665,-0.0632407159825499,1.36907265866789,0.0199848086851088
"luce",-0.00574486024454702,0.00408692535639093,-0.00944593235661119,-0.0114150149824119,0.0199848086851088,0.078758210151356
"alpha",0.0665438719165016,-0.00195534657889436,-0.035413834389821,0.00314158642294083,-0.00831031760717707,-0.00136727352695127
"beta",-0.00195534657889436,0.0544130398998259,0.00869569237291869,-0.0139077475401163,0.00195268645861607,-0.00429419988399006
"gamma",-0.035413834389821,0.00869569237291869,0.0770395668761849,-0.00332344265610553,0.0175835971234011,-0.0080134206726194
"delta",0.00314158642294083,-0.0139077475401163,-0.00332344265610553,0.0197505280969109,-0.0489794171925299,-0.00611243753130048
"lambda",-0.00831031760717707,0.00195268645861607,0.0175835971234011,-0.0489794171925299,1.35373331377694,0.00610248006926194
"luce",-0.00136727352695127,-0.00429419988399006,-0.0080134206726194,-0.00611243753130048,0.00610248006926194,0.0821377038581434
"alpha",0.0554735159115521,-0.00153093713404842,-0.0361022948137962,0.00179288101730935,-0.0042496563584305,-0.000155379098947171
"beta",-0.00153093713404842,0.0782561505406286,0.0043629315236475,-0.0345977499434002,0.00328011456892899,0.00484328311491528
"gamma",-0.0361022948137962,0.0043629315236475,0.115555809038464,-0.00467622252371926,0.000515124952811003,-0.0110523477113362
"delta",0.00179288101730935,-0.0345977499434002,-0.00467622252371926,0.0565492288044897,-0.0466723401185574,-0.0130591469507743
"lambda",-0.0042496563584305,0.00328011456892899,0.000515124952811003,-0.0466723401185574,1.31576601868752,-0.000847334835655694
"luce",-0.000155379098947171,0.00484328311491528,-0.0110523477113362,-0.0130591469507743,-0.000847334835655694,0.0826910520394447
"alpha",0.0650859444980949,0.000991229022999321,-0.0364645452990047,0.00150735791970699,0.00195834614967655,-0.0011681254769098
"beta",0.000991229022999321,0.0685192687836074,0.00131792618700598,-0.0266619433800072,0.0142641118383084,0.00153379308362562
"gamma",-0.0364645452990047,0.00131792618700598,0.0703917772802551,-0.00312659769885125,-0.00156088136686287,-0.0057697343957359
"delta",0.00150735791970699,-0.0266619433800072,-0.00312659769885125,0.0487511641690459,-0.0697504434137268,-0.0137482498163765
"lambda",0.00195834614967655,0.0142641118383084,-0.00156088136686287,-0.0697504434137268,1.35659844419263,0.0137527709153563
"luce",-0.0011681254769098,0.00153379308362562,-0.0057697343957359,-0.0137482498163765,0.0137527709153563,0.0822163940477768
"alpha",0.00446411998091698,-0.000596754547975795,-7.37425443535719e-05,0.00236451949084787,-0.0019908205451516,-0.00261712262180684
"beta",-0.000596754547975795,0.0478907954783708,0.00366235778370868,-0.0141992761979164,-0.0288379745037345,0.00973455251683575
"gamma",-7.37425443535719e-05,0.00366235778370868,0.00896254638590862,-0.000319701056732154,-0.00504305981319026,-0.00186507232091148
"delta",0.00236451949084787,-0.0141992761979164,-0.000319701056732154,0.0226561925894084,-0.0400724547642033,-0.00551398943190437
"lambda",-0.0019908205451516,-0.0288379745037345,-0.00504305981319026,-0.0400724547642033,1.30925351145826,0.00248343992165432
"luce",-0.00261712262180684,0.00973455251683575,-0.00186507232091148,-0.00551398943190437,0.00248343992165432,0.0735787309430991
"alpha",0.0440559862740551,0.00065435273931193,-0.0241780273017325,0.00121749750573172,-0.00643450957325899,-0.00242864216517045
"beta",0.00065435273931193,0.0163373027853351,0.0092513617456669,-0.00283432711819788,-0.0589947571929741,-0.00878533319461837
"gamma",-0.0241780273017325,0.0092513617456669,0.100189186685446,-0.00191923357704516,-0.0106216127539979,-0.00271424141445555
"delta",0.00121749750573172,-0.00283432711819788,-0.00191923357704516,0.00379620500598929,-0.0137025046708638,-0.00311017606331914
"lambda",-0.00643450957325899,-0.0589947571929741,-0.0106216127539979,-0.0137025046708638,1.26185742630531,-0.0121238563381896
"luce",-0.00242864216517045,-0.00878533319461837,-0.00271424141445555,-0.00311017606331914,-0.0121238563381896,0.0832484658717688
"alpha",0.0126548685146884,0.00614443238822979,-0.00567906389241971,0.00756321542497301,0.0327071799849125,-0.00736734595080693
"beta",0.00614443238822979,0.0158090161100864,0.00274563954949468,0.00341399145159275,-0.0439185547652645,-0.00602184623169171
"gamma",-0.00567906389241971,0.00274563954949468,0.0112579519396978,-0.00208269868739025,-0.0165124271160537,-0.00313055912714277
"delta",0.00756321542497301,0.00341399145159275,-0.00208269868739025,0.0224177481538994,-0.0306463732137167,-0.00617744537427594
"lambda",0.0327071799849125,-0.0439185547652645,-0.0165124271160537,-0.0306463732137167,1.17941888918184,-0.0285038430926072
"luce",-0.00736734595080693,-0.00602184623169171,-0.00313055912714277,-0.00617744537427594,-0.0285038430926072,0.0689563408637283
"alpha",0.00887675523336901,0.00263466777147808,0.00141067227274334,0.0109949699589353,0.00959621084736078,-0.00997116393680683
"beta",0.00263466777147808,0.0366885675300778,-0.00189709331752945,-0.00960565017730168,-0.0355025124503793,-0.00456616809520063
"gamma",0.00141067227274334,-0.00189709331752945,0.0104431352713853,0.000814906790487991,-0.00168989728628476,9.35382343131175e-05
"delta",0.0109949699589353,-0.00960565017730168,0.000814906790487991,0.0664553957317857,-0.0148100381869186,-0.00222749543008015
"lambda",0.00959621084736078,-0.0355025124503793,-0.00168989728628476,-0.0148100381869186,1.30906778445358,0.00902142166981625
"luce",-0.00997116393680683,-0.00456616809520063,9.35382343131175e-05,-0.00222749543008015,0.00902142166981625,0.0793203520797682
"alpha",0.0626008318555469,-0.00184024626515308,-0.0193555126033257,-0.000425318624268913,0.0314090932969392,-0.00149487390730169
"beta",-0.00184024626515308,0.00807334181984015,0.00318724226296096,0.00346483426118065,0.000544176050167376,0.0002809478316518
"gamma",-0.0193555126033257,0.00318724226296096,0.0662192309241143,-0.000188959532590265,0.00496598877732997,-0.000876482164309028
"delta",-0.000425318624268913,0.00346483426118065,-0.000188959532590265,0.00517126809786317,0.00736147416292419,0.000504043083236312
"lambda",0.0314090932969392,0.000544176050167376,0.00496598877732997,0.00736147416292419,1.0581216530573,-0.036862109624964
"luce",-0.00149487390730169,0.0002809478316518,-0.000876482164309028,0.000504043083236312,-0.036862109624964,0.0764729353822654
"alpha",0.0301246269741386,-0.000490085703092844,-0.0139046932720188,0.00643224022191621,0.0107733487979783,-0.0069801896101364
"beta",-0.000490085703092844,0.027412403951665,0.00608495684506566,-0.0222067151161819,-0.0336803878403873,-0.00225948870087802
"gamma",-0.0139046932720188,0.00608495684506566,0.0652341078166846,-0.013903776176893,-0.0331959089435746,0.00113966244764535
"delta",0.00643224022191621,-0.0222067151161819,-0.013903776176893,0.0694889523013717,-0.0154401173450042,-0.0082134543651269
"lambda",0.0107733487979783,-0.0336803878403873,-0.0331959089435746,-0.0154401173450042,1.29319254462257,-0.0192057299584144
"luce",-0.0069801896101364,-0.00225948870087802,0.00113966244764535,-0.0082134543651269,-0.0192057299584144,0.0779285454119824
"alpha",0.0112051889302729,0.0024889401878093,-0.00406544545722359,0.00392736554391348,0.0427472125160976,-0.000879996552357885
"beta",0.0024889401878093,0.0059847070046671,0.00307584523687379,0.000459232904084143,-0.0415356124467024,-0.00162261389727356
"gamma",-0.00406544545722359,0.00307584523687379,0.0167490840173446,-0.00343397981107188,-0.0171141580981291,-0.00274533017331639
"delta",0.00392736554391348,0.000459232904084143,-0.00343397981107188,0.00882326980242948,0.00233326743563635,0.00166974743414213
"lambda",0.0427472125160976,-0.0415356124467024,-0.0171141580981291,0.00233326743563635,1.1490358171346,-0.0308071035234958
"luce",-0.000879996552357885,-0.00162261389727356,-0.00274533017331639,0.00166974743414213,-0.0308071035234958,0.0693401907936017
"alpha",0.0558325805103351,0.000226004966905151,-0.0238538065077255,0.000321400859839354,0.00623382546073546,-0.0043984559463001
"beta",0.000226004966905151,0.00603666704522827,0.0028552146139508,-0.000188487796863619,-0.0153533139753404,-0.0022023933252411
"gamma",-0.0238538065077255,0.0028552146139508,0.0826908774914331,-0.00138245047055611,0.00407780523652856,-0.00479792052748898
"delta",0.000321400859839354,-0.000188487796863619,-0.00138245047055611,0.00503533832587231,-0.0102875638131948,-0.000741643601620685
"lambda",0.00623382546073546,-0.0153533139753404,0.00407780523652856,-0.0102875638131948,1.13512052598111,-0.0965334733978459
"luce",-0.0043984559463001,-0.0022023933252411,-0.00479792052748898,-0.000741643601620685,-0.0965334733978459,0.0782769783215336
"alpha",0.0546869133401563,0.00745596915829455,-0.0264068708503639,0.0105274493717598,0.0279754593609461,-0.00542342007142203
"beta",0.00745596915829455,0.0163603585620705,0.00270575663972384,0.00237157499357026,-0.0586332607129709,-0.00678881902041998
"gamma",-0.0264068708503639,0.00270575663972384,0.0576340674139702,-0.0069557042909714,-0.0355206671332689,-0.00719546516293349
"delta",0.0105274493717598,0.00237157499357026,-0.0069557042909714,0.0298116946522731,-0.0203835677036999,-0.00682702065415417
"lambda",0.0279754593609461,-0.0586332607129709,-0.0355206671332689,-0.0203835677036999,1.30045447044266,-0.0626765263956052
"luce",-0.00542342007142203,-0.00678881902041998,-0.00719546516293349,-0.00682702065415417,-0.0626765263956052,0.0760214277912955
"alpha",0.0448342545347085,0.00161469253860726,-0.0156520507065964,0.000438589035582488,-0.00270562850974762,-0.00602655283574314
"beta",0.00161469253860726,0.0760434809031368,0.0105823272295023,-0.0184365964541395,-0.0179354400518423,-0.000500121314760097
"gamma",-0.0156520507065964,0.0105823272295023,0.111695290853171,-0.00437827779921821,0.00200256545743976,-0.0166737541657598
"delta",0.000438589035582488,-0.0184365964541395,-0.00437827779921821,0.0207855692466818,-0.0266141252870838,-0.00564788432109324
"lambda",-0.00270562850974762,-0.0179354400518423,0.00200256545743976,-0.0266141252870838,1.2830271895246,0.00256720646304267
"luce",-0.00602655283574314,-0.000500121314760097,-0.0166737541657598,-0.00564788432109324,0.00256720646304267,0.0827852261927525
"alpha",0.00716306693817456,0.00210221290590549,-0.000236065263730302,0.00273935542400767,0.0273842880727838,0.000463325013002459
"beta",0.00210221290590549,0.00604545289283987,0.00251343126353066,0.000590892529237925,-0.0444845372105908,0.000967399710949483
"gamma",-0.000236065263730302,0.00251343126353066,0.0179702167260118,-0.00194873246850899,0.0225798746271145,-0.00355672772899558
"delta",0.00273935542400767,0.000590892529237925,-0.00194873246850899,0.00634114030017277,-0.0158462316031887,0.000914285902415091
"lambda",0.0273842880727838,-0.0444845372105908,0.0225798746271145,-0.0158462316031887,1.0409855118444,-0.0393956887477599
"luce",0.000463325013002459,0.000967399710949483,-0.00355672772899558,0.000914285902415091,-0.0393956887477599,0.0751057105945167
"alpha",0.00417501513910415,-0.000197062107669213,0.000362180768105417,0.00390013153769729,0.0029795658939188,-0.00239530593720438
"beta",-0.000197062107669213,0.0599486661289857,0.001905560775885,-0.0275431483600912,-0.0363405672378939,-0.00484636299200679
"gamma",0.000362180768105417,0.001905560775885,0.00887988126802235,-0.000812284816215644,-0.00532330026475871,0.00140900651192417
"delta",0.00390013153769729,-0.0275431483600912,-0.000812284816215644,0.0686217151965521,-0.0425107701675932,-0.000617746100641343
"lambda",0.0029795658939188,-0.0363405672378939,-0.00532330026475871,-0.0425107701675932,1.27913180038015,0.0088753945520666
"luce",-0.00239530593720438,-0.00484636299200679,0.00140900651192417,-0.000617746100641343,0.0088753945520666,0.0791430385458657
"alpha",0.0448856805574821,0.00763641303368556,0.00841066949168741,0.00280762415722906,0.0306527836208432,-0.00605366249408891
"beta",0.00763641303368556,0.00995006905125729,0.00987724489707875,-0.000102654600048309,-0.0464342559289326,-0.00622896661302056
"gamma",0.00841066949168741,0.00987724489707875,0.0693456026482716,-1.28592591716258e-05,0.00411167819537444,0.000412689123560363
"delta",0.00280762415722906,-0.000102654600048309,-1.28592591716258e-05,0.00521707934684417,-0.0128824025969302,-0.00515568949339721
"lambda",0.0306527836208432,-0.0464342559289326,0.00411167819537444,-0.0128824025969302,1.2107562273821,-0.032551834454688
"luce",-0.00605366249408891,-0.00622896661302056,0.000412689123560363,-0.00515568949339721,-0.032551834454688,0.0822532980113844
"alpha",0.0735872523794428,-0.00195732223324201,-0.03259137660978,0.00116634443072353,-0.00145220051611354,0.00623310452465153
"beta",-0.00195732223324201,0.0691606100783679,0.00524527754238931,-0.0175495732078361,0.0080661769060128,0.0014203690809849
"gamma",-0.03259137660978,0.00524527754238931,0.0592042050556422,-0.00123921505968387,0.0152832373677905,-0.0136320654543295
"delta",0.00116634443072353,-0.0175495732078361,-0.00123921505968387,0.0254253641301141,-0.0522671065963193,-0.00700848902652898
"lambda",-0.00145220051611354,0.0080661769060128,0.0152832373677905,-0.0522671065963193,1.34588664292256,-0.0102689052282774
"luce",0.00623310452465153,0.0014203690809849,-0.0136320654543295,-0.00700848902652898,-0.0102689052282774,0.0773357795334124
"alpha",0.0166525434592585,0.00195653436680954,-0.00518198499521393,0.00170379854598631,0.0201603987202903,-0.00461685681535964
"beta",0.00195653436680954,0.00846866035285149,0.00144539313808209,-0.001099421245861,-0.0233726465919113,-0.00335104135469368
"gamma",-0.00518198499521393,0.00144539313808209,0.010794537666997,0.000591851022847571,-0.00112196109266551,-0.00741857826804335
"delta",0.00170379854598631,-0.001099421245861,0.000591851022847571,0.00146766992075661,-0.0079301978926041,-0.00213400252735215
"lambda",0.0201603987202903,-0.0233726465919113,-0.00112196109266551,-0.0079301978926041,0.954136941154833,-0.0279347961603123
"luce",-0.00461685681535964,-0.00335104135469368,-0.00741857826804335,-0.00213400252735215,-0.0279347961603123,0.0748341443118277
"alpha",0.0501951029194902,-0.00451203140538823,-0.0295708111028283,0.0101240327295197,-0.00899358996023664,-0.00718745886152844
"beta",-0.00451203140538823,0.0622452557872949,0.0103197984193825,-0.0345702507381837,0.00479949998179311,0.00146187267034705
"gamma",-0.0295708111028283,0.0103197984193825,0.0918303153319191,-0.0204821011527583,0.00710942978605457,-0.00164212018816558
"delta",0.0101240327295197,-0.0345702507381837,-0.0204821011527583,0.0781301576650716,-0.0817544212774109,-0.0136675637143888
"lambda",-0.00899358996023664,0.00479949998179311,0.00710942978605457,-0.0817544212774109,1.28908718682534,0.00452977965574083
"luce",-0.00718745886152844,0.00146187267034705,-0.00164212018816558,-0.0136675637143888,0.00452977965574083,0.0797112722900331
"alpha",0.0521940674254956,0.00176147133446773,-0.0208363120707373,0.000800456393497834,0.0114767587129056,-0.00437542334371425
"beta",0.00176147133446773,0.010778185192654,0.00378689176879219,-0.00151020842484978,-0.0277663618326836,-0.00333261334777218
"gamma",-0.0208363120707373,0.00378689176879219,0.0826222333622097,-0.00132521398754439,-0.00348257030988931,-0.00680386240648192
"delta",0.000800456393497834,-0.00151020842484978,-0.00132521398754439,0.00685923693526118,-0.00877033446136247,-0.0026417538435175
"lambda",0.0114767587129056,-0.0277663618326836,-0.00348257030988931,-0.00877033446136247,1.17329521859924,-0.0657310870093406
"luce",-0.00437542334371425,-0.00333261334777218,-0.00680386240648192,-0.0026417538435175,-0.0657310870093406,0.0787861222295082
"alpha",0.053827459488832,-0.00275253812955836,-0.0234747400124028,0.00312739208601202,0.00561624865230758,-0.00208915776965726
"beta",-0.00275253812955836,0.0722223018559645,0.00199239888721022,-0.0168948234803887,-0.000620142775464062,0.00337564437524436
"gamma",-0.0234747400124028,0.00199239888721022,0.0589227736070727,-0.000581805022110444,-0.00168448517343067,-0.0109714325987563
"delta",0.00312739208601202,-0.0168948234803887,-0.000581805022110444,0.0231816415611142,-0.0425410797625145,-0.00879348551982806
"lambda",0.00561624865230758,-0.000620142775464062,-0.00168448517343067,-0.0425410797625145,1.31210129917253,0.0208294730763091
"luce",-0.00208915776965726,0.00337564437524436,-0.0109714325987563,-0.00879348551982806,0.0208294730763091,0.086459661907223
"alpha",0.072983359711255,-0.00431183764073317,-0.0262582614133025,0.00208595664150329,-0.0066316720080748,0.00224500006504495
"beta",-0.00431183764073317,0.0725638920705769,0.000524448553494045,-0.0145530202359425,0.00762928861281552,0.00149673020750938
"gamma",-0.0262582614133025,0.000524448553494045,0.0519186457085863,0.000571948555545815,0.0010838568875467,-0.0146552252406837
"delta",0.00208595664150329,-0.0145530202359425,0.000571948555545815,0.0177190553456146,-0.0356143605939865,-0.00561881327408605
"lambda",-0.0066316720080748,0.00762928861281552,0.0010838568875467,-0.0356143605939865,1.36017837657391,-0.00663237531387916
"luce",0.00224500006504495,0.00149673020750938,-0.0146552252406837,-0.00561881327408605,-0.00663237531387916,0.0862274292601306
"alpha",0.0436639292296403,0.00631295774533729,0.00418826282523639,0.00136414039398029,0.0337295616166157,-0.00435676341637861
"beta",0.00631295774533729,0.0099127156362159,0.00725702114795763,-0.000303196617016606,-0.0279957105197668,-0.00400002287254086
"gamma",0.00418826282523639,0.00725702114795763,0.0730240589946124,0.0004837523054684,0.0144877382791413,0.000661085374400129
"delta",0.00136414039398029,-0.000303196617016606,0.0004837523054684,0.00151031904749716,-0.0114333619490706,-0.00217678520111108
"lambda",0.0337295616166157,-0.0279957105197668,0.0144877382791413,-0.0114333619490706,1.17829009984036,-0.0305442836641566
"luce",-0.00435676341637861,-0.00400002287254086,0.000661085374400129,-0.00217678520111108,-0.0305442836641566,0.0753827743033201
"alpha",0.0461182499084253,0.0015831954208037,-0.0275807632876486,0.00144055469370377,0.0253970928726615,-0.00466949869952111
"beta",0.0015831954208037,0.0145636712099048,0.00323500809884855,-0.000519268687159852,-0.0619642652122106,-0.00864639288584619
"gamma",-0.0275807632876486,0.00323500809884855,0.0724509624407273,-0.00377241033958083,-0.0439685622271045,-0.002428057348518
"delta",0.00144055469370377,-0.000519268687159852,-0.00377241033958083,0.0289974480510227,-0.00465264840706401,-0.00359363905604003
"lambda",0.0253970928726615,-0.0619642652122106,-0.0439685622271045,-0.00465264840706401,1.22417503998891,-0.0540011110433189
"luce",-0.00466949869952111,-0.00864639288584619,-0.002428057348518,-0.00359363905604003,-0.0540011110433189,0.0759905020927002
"alpha",0.0405456922268547,0.00607528015654409,0.00446048620843065,0.00125730918189357,0.0310666303843513,-0.00255050198060747
"beta",0.00607528015654409,0.0100221400871198,0.00695072667654923,-0.000289638578616253,-0.0311719061680079,-0.00470588969773678
"gamma",0.00446048620843065,0.00695072667654923,0.0704483751233171,0.00100481235205958,0.0120759025673103,0.000229636396788934
"delta",0.00125730918189357,-0.000289638578616253,0.00100481235205958,0.00121352579031721,-0.00686743970318891,-0.00173552833496857
"lambda",0.0310666303843513,-0.0311719061680079,0.0120759025673103,-0.00686743970318891,1.1870018089787,-0.0485481468529479
"luce",-0.00255050198060747,-0.00470588969773678,0.000229636396788934,-0.00173552833496857,-0.0485481468529479,0.082287169865262
"alpha",0.0511505387786527,0.000604988023711423,-0.0163040441476154,6.67479896747445e-05,0.0126150980267419,-0.00362443842979208
"beta",0.000604988023711423,0.0071635911581262,0.0041255286650761,0.00306175912774906,-0.0185516188478005,-0.00206988144473979
"gamma",-0.0163040441476154,0.0041255286650761,0.0939665580362916,-0.000992758912505737,-0.0130598418349031,0.0021681338335529
"delta",6.67479896747445e-05,0.00306175912774906,-0.000992758912505737,0.00682807225305029,-0.00599054700146896,-0.00289401765650437
"lambda",0.0126150980267419,-0.0185516188478005,-0.0130598418349031,-0.00599054700146896,1.03953075343589,-0.03255532273086
"luce",-0.00362443842979208,-0.00206988144473979,0.0021681338335529,-0.00289401765650437,-0.03255532273086,0.0759049871009163
"alpha",0.0549450554564732,-0.00178134157085183,-0.0281274659902384,0.0104260395108167,0.0104367754527254,-0.00672426508584603
"beta",-0.00178134157085183,0.04028410367308,0.00813841860143448,-0.0182772767308102,-0.0395869388959772,-0.00126347328870366
"gamma",-0.0281274659902384,0.00813841860143448,0.0631635328577265,-0.00753621193080096,-0.0196026136166529,-0.00600390939610406
"delta",0.0104260395108167,-0.0182772767308102,-0.00753621193080096,0.0341779517820537,-0.0354677091044023,-0.012190915485083
"lambda",0.0104367754527254,-0.0395869388959772,-0.0196026136166529,-0.0354677091044023,1.32672600664175,0.00579430360276941
"luce",-0.00672426508584603,-0.00126347328870366,-0.00600390939610406,-0.012190915485083,0.00579430360276941,0.0810367775358167
"alpha",0.0592356874744658,0.000681212325320283,-0.0268351355086273,0.00123603492446389,-0.00506741227036324,-0.00059113385219199
"beta",0.000681212325320283,0.00848667218392254,0.00255247175680337,0.00158435098909785,-0.0233306921235249,-0.00189978964010444
"gamma",-0.0268351355086273,0.00255247175680337,0.0730974302987657,-0.00193698862988701,0.0123000328011935,-0.00547762594663243
"delta",0.00123603492446389,0.00158435098909785,-0.00193698862988701,0.00650341219394056,-0.00838377918268152,-0.000256463350640898
"lambda",-0.00506741227036324,-0.0233306921235249,0.0123000328011935,-0.00838377918268152,0.860914882318527,-0.0894221316724625
"luce",-0.00059113385219199,-0.00189978964010444,-0.00547762594663243,-0.000256463350640898,-0.0894221316724625,0.0667544754566822
"alpha",0.0546779392938605,0.00647916631967114,-0.0291167499140582,0.00380338902298435,0.0293767598604033,-0.00233482435903987
"beta",0.00647916631967114,0.0118760247984281,0.00361058902100051,-0.00166641075901417,-0.0315997596060782,-0.00695785133379879
"gamma",-0.0291167499140582,0.00361058902100051,0.0703855145502816,-0.00519236489029294,-0.0354713437130136,-0.00729961864270373
"delta",0.00380338902298435,-0.00166641075901417,-0.00519236489029294,0.0236448017663536,-0.0277696363616544,-0.00673537647316897
"lambda",0.0293767598604033,-0.0315997596060782,-0.0354713437130136,-0.0277696363616544,0.99358138958212,-0.0165942772144975
"luce",-0.00233482435903987,-0.00695785133379879,-0.00729961864270373,-0.00673537647316897,-0.0165942772144975,0.0694998376722736
"alpha",0.0212796927655134,-2.91638877498525e-05,-0.00328998377278524,0.00706668948053462,-0.00262701600802847,-0.00975699438226392
"beta",-2.91638877498525e-05,0.0650836609182398,0.00386841256701288,-0.0272391274340104,-0.0077968724571616,0.00341344334799962
"gamma",-0.00328998377278524,0.00386841256701288,0.048159074546446,-0.00241508887487092,-0.0139817465378688,-0.00311517085348129
"delta",0.00706668948053462,-0.0272391274340104,-0.00241508887487092,0.0494901586323349,-0.0470726261230669,-0.0139804060144368
"lambda",-0.00262701600802847,-0.0077968724571616,-0.0139817465378688,-0.0470726261230669,1.29787243040813,-0.00190094914019379
"luce",-0.00975699438226392,0.00341344334799962,-0.00311517085348129,-0.0139804060144368,-0.00190094914019379,0.0814443625288676
"alpha",0.0477901205513771,0.00630713602727762,6.15724986401885e-05,0.00488030624714411,0.0589521832774377,0.00294226372390255
"beta",0.00630713602727762,0.00831945375421774,0.00727059941106069,0.000102519230267674,-0.0155055672663026,-0.00101159052138653
"gamma",6.15724986401885e-05,0.00727059941106069,0.0503503966376073,-0.00232450425943627,0.0230018399671456,-0.00129691854200681
"delta",0.00488030624714411,0.000102519230267674,-0.00232450425943627,0.00719418347944151,-0.00480706362663659,-0.00120831809104367
"lambda",0.0589521832774377,-0.0155055672663026,0.0230018399671456,-0.00480706362663659,1.11924894736451,-0.0317339509600267
"luce",0.00294226372390255,-0.00101159052138653,-0.00129691854200681,-0.00120831809104367,-0.0317339509600267,0.075465717684259
"alpha",0.00677294385690097,-0.00110527592261669,-0.000991407921353799,0.0112310045279838,0.022143362605612,-0.0094566677509507
"beta",-0.00110527592261669,0.0394750444559829,6.75943786799158e-05,-0.0264803829278091,-0.0467910473560797,-0.00196541379051448
"gamma",-0.000991407921353799,6.75943786799158e-05,0.0153301550755464,-0.00121935720975975,-0.00542753115620359,0.000289854635493623
"delta",0.0112310045279838,-0.0264803829278091,-0.00121935720975975,0.0925902593298871,0.0340843848399162,-0.00555166368964735
"lambda",0.022143362605612,-0.0467910473560797,-0.00542753115620359,0.0340843848399162,1.38567184619808,-0.0104778721624756
"luce",-0.0094566677509507,-0.00196541379051448,0.000289854635493623,-0.00555166368964735,-0.0104778721624756,0.0728517432856595
"alpha",0.0546065267234931,-6.76134218569015e-05,-0.0228363331342516,-0.0001786085221479,-0.0023490448569967,-0.00151444426820447
"beta",-6.76134218569015e-05,0.00606368091746353,0.00300005683372535,0.0023170890847885,-0.0204006320252394,-0.00346497839111069
"gamma",-0.0228363331342516,0.00300005683372535,0.0833588970341415,-0.00132946954448266,0.00561637894643041,-0.00670116898276627
"delta",-0.0001786085221479,0.0023170890847885,-0.00132946954448266,0.00627913970752073,-0.00763395820749752,-0.00266224841797881
"lambda",-0.0023490448569967,-0.0204006320252394,0.00561637894643041,-0.00763395820749752,1.16251275474487,-0.0404983088516189
"luce",-0.00151444426820447,-0.00346497839111069,-0.00670116898276627,-0.00266224841797881,-0.0404983088516189,0.0809938409065007
"alpha",0.0626131357239387,0.000100489897455524,-0.0248720213644615,0.00166373192810174,0.030709932706689,-0.000694540291237513
"beta",0.000100489897455524,0.00707737568424921,0.00410160092560418,0.00134423955623772,-0.0375234715526599,-0.00432203494925462
"gamma",-0.0248720213644615,0.00410160092560418,0.0727946478619977,-7.8302091126787e-05,-0.0183588197344199,-0.00462564244728562
"delta",0.00166373192810174,0.00134423955623772,-7.8302091126787e-05,0.00522114618204302,-0.00186562190116065,0.000851415899677264
"lambda",0.030709932706689,-0.0375234715526599,-0.0183588197344199,-0.00186562190116065,1.17451664175508,-0.0793170490905034
"luce",-0.000694540291237513,-0.00432203494925462,-0.00462564244728562,0.000851415899677264,-0.0793170490905034,0.079883180747493
"alpha",0.0324728808115746,0.0035638725210681,-0.0146045974446241,0.00444956127636841,0.00333012974385796,-0.00576529929933392
"beta",0.0035638725210681,0.0176245245929629,0.00467870730174842,-0.00585919554033288,-0.0517154869260958,-0.0062824712503305
"gamma",-0.0146045974446241,0.00467870730174842,0.0683253427736856,-0.00788705097903943,-0.0227689355600311,-0.00215879145429128
"delta",0.00444956127636841,-0.00585919554033288,-0.00788705097903943,0.0408257119460886,-0.0257723827220045,-0.0102843187671843
"lambda",0.00333012974385796,-0.0517154869260958,-0.0227689355600311,-0.0257723827220045,1.27435409055872,-0.0390052851031611
"luce",-0.00576529929933392,-0.0062824712503305,-0.00215879145429128,-0.0102843187671843,-0.0390052851031611,0.0779815032683698
"alpha",0.0545862076354174,0.00401112567732693,-0.0229724955863172,0.00596608217393224,-0.0079415471193741,-0.00451623022058651
"beta",0.00401112567732693,0.0222249600661622,0.00747969663215598,-0.00405703156438393,-0.0611193583846096,-0.00879006151566891
"gamma",-0.0229724955863172,0.00747969663215598,0.0671168262226351,-0.00386077242166227,-0.0167356207733571,-0.0054784761111479
"delta",0.00596608217393224,-0.00405703156438393,-0.00386077242166227,0.0225295410075516,-0.0459744826965615,-0.00965184819294971
"lambda",-0.0079415471193741,-0.0611193583846096,-0.0167356207733571,-0.0459744826965615,1.2781306782418,-0.0126693900654497
"luce",-0.00451623022058651,-0.00879006151566891,-0.0054784761111479,-0.00965184819294971,-0.0126693900654497,0.081197928766881
"alpha",0.00962836981811271,0.00637939951217047,-0.0026459710589448,0.00783663532253313,0.0189544319731207,-0.00727076172454186
"beta",0.00637939951217047,0.0176752276249208,-0.000594004435410712,-0.000896243934046693,-0.0565829333757378,-0.00476754006335459
"gamma",-0.0026459710589448,-0.000594004435410712,0.0182431035708642,-0.00335899924991097,-0.00512409655928666,0.00197700141307226
"delta",0.00783663532253313,-0.000896243934046693,-0.00335899924991097,0.0370159226203728,-0.0131071131460381,-0.00806138088344782
"lambda",0.0189544319731207,-0.0565829333757378,-0.00512409655928666,-0.0131071131460381,1.22119677736325,-0.0261847875705766
"luce",-0.00727076172454186,-0.00476754006335459,0.00197700141307226,-0.00806138088344782,-0.0261847875705766,0.0574223837148309
"alpha",0.0499173611042486,0.000727473699977778,-0.0257281721714244,0.000727017938896957,0.00223373358664441,-0.00514811214767488
"beta",0.000727473699977778,0.0113697942219714,0.00531117086032355,-0.0013504131998422,-0.0414244475504769,-0.00622647004666486
"gamma",-0.0257281721714244,0.00531117086032355,0.0946519720160788,-0.00102525439210259,0.00250394140195329,0.00318846549618953
"delta",0.000727017938896957,-0.0013504131998422,-0.00102525439210259,0.00130792362956605,-0.00678441516541912,-0.00239924226771544
"lambda",0.00223373358664441,-0.0414244475504769,0.00250394140195329,-0.00678441516541912,1.1522859978177,-0.0292910438584621
"luce",-0.00514811214767488,-0.00622647004666486,0.00318846549618953,-0.00239924226771544,-0.0292910438584621,0.0830700787185212
"alpha",0.038476874859725,0.00682969834333038,-0.015083291266469,0.00269995902479263,0.0110720422774492,-0.00629264153957126
"beta",0.00682969834333038,0.0105200382847236,0.00426867259969699,0.00199956983564773,-0.0302982131513433,-0.00705280297972366
"gamma",-0.015083291266469,0.00426867259969699,0.0740783818257756,-0.00103662386502011,-0.0427598478978268,-0.00346432212650617
"delta",0.00269995902479263,0.00199956983564773,-0.00103662386502011,0.0123473442086187,-0.00501256429860971,-0.000386561349217585
"lambda",0.0110720422774492,-0.0302982131513433,-0.0427598478978268,-0.00501256429860971,0.709163450932095,-0.00499581804327205
"luce",-0.00629264153957126,-0.00705280297972366,-0.00346432212650617,-0.000386561349217585,-0.00499581804327205,0.0545277935087562
"alpha",0.00419599745902381,0.000339072045917333,0.000403857000749216,0.0024196928040971,0.0096822480725782,-0.00140732608795311
"beta",0.000339072045917333,0.0032954251676232,0.000598641292645798,-0.000825636729042961,-0.0233631123375528,-0.000642818763403189
"gamma",0.000403857000749216,0.000598641292645798,0.00694017224911688,4.91093543407327e-05,0.0025208613822697,0.000669241003231483
"delta",0.0024196928040971,-0.000825636729042961,4.91093543407327e-05,0.006222733396751,-0.0389070518022139,0.000238992546843623
"lambda",0.0096822480725782,-0.0233631123375528,0.0025208613822697,-0.0389070518022139,1.05366631758711,-0.00491088610469639
"luce",-0.00140732608795311,-0.000642818763403189,0.000669241003231483,0.000238992546843623,-0.00491088610469639,0.0676689149165858
"alpha",0.0368893883116032,0.00167285407037325,-0.0209938353593992,0.00277445231390481,0.021399676845023,-0.0046425949062377
"beta",0.00167285407037325,0.0114957436320855,0.00268967198161801,-0.00248770931625082,-0.0459498941610168,-0.00654402965355659
"gamma",-0.0209938353593992,0.00268967198161801,0.0709314318137231,-0.00376365538415184,-0.0457787678780738,-0.00218086515231299
"delta",0.00277445231390481,-0.00248770931625082,-0.00376365538415184,0.0293306463539881,-0.0191865177053977,-0.00612493953046528
"lambda",0.021399676845023,-0.0459498941610168,-0.0457787678780738,-0.0191865177053977,1.11838616209982,-0.0274017191361737
"luce",-0.0046425949062377,-0.00654402965355659,-0.00218086515231299,-0.00612493953046528,-0.0274017191361737,0.0698154400897586
"alpha",0.0321315551577356,0.00399187903380236,-0.0110529802589857,0.00193372307748959,0.0245015897476112,-0.000966266969707377
"beta",0.00399187903380236,0.0111844489644303,0.00233397698882575,-0.000207510813478345,-0.0590296862088598,-0.00551002904560692
"gamma",-0.0110529802589857,0.00233397698882575,0.0162616847299894,0.000291087484456376,-0.0116909166341059,-0.00590793146730368
"delta",0.00193372307748959,-0.000207510813478345,0.000291087484456376,0.00208972399332938,-0.0107113939073806,-0.00251107191372631
"lambda",0.0245015897476112,-0.0590296862088598,-0.0116909166341059,-0.0107113939073806,1.21512498637085,-0.0313518188630234
"luce",-0.000966266969707377,-0.00551002904560692,-0.00590793146730368,-0.00251107191372631,-0.0313518188630234,0.0790572945402602
"alpha",0.0641964581623143,0.00137984363746434,-0.0185061651901834,0.000188880308019688,0.0186894985165754,-0.0047094166199132
"beta",0.00137984363746434,0.00768894147919821,0.00495642078925107,0.000393365202658297,-0.00719344622830233,-0.00033428336247728
"gamma",-0.0185061651901834,0.00495642078925107,0.0719957727434533,-0.000628039899373117,0.00171175864478908,-0.00465936279581471
"delta",0.000188880308019688,0.000393365202658297,-0.000628039899373117,0.00520086872245676,-0.00827279972001788,-0.00223046174717991
"lambda",0.0186894985165754,-0.00719344622830233,0.00171175864478908,-0.00827279972001788,1.15723674034313,-0.0515487705979585
"luce",-0.0047094166199132,-0.00033428336247728,-0.00465936279581471,-0.00223046174717991,-0.0515487705979585,0.0807521887588388
"alpha",0.0616822898764596,-0.00277607562819024,-0.0339694293598931,0.00558100480028198,0.0211005446626503,-0.00551146887597252
"beta",-0.00277607562819024,0.0587364399553092,0.00495020597312787,-0.0257703145302243,-0.00794931512984839,0.000222645725860542
"gamma",-0.0339694293598931,0.00495020597312787,0.0636972298399497,-0.00704933272986871,-0.0138903647081317,-0.00100988100418668
"delta",0.00558100480028198,-0.0257703145302243,-0.00704933272986871,0.0449840546190816,-0.045775591922047,-0.00965897099569954
"lambda",0.0211005446626503,-0.00794931512984839,-0.0138903647081317,-0.045775591922047,1.32143268065095,-0.00656769949541001
"luce",-0.00551146887597252,0.000222645725860542,-0.00100988100418668,-0.00965897099569954,-0.00656769949541001,0.0821536364874369
"alpha",0.0508100065724295,-0.000255897220983759,-0.0213070100975264,0.00134118190105476,-0.00173152904491287,-0.00418966436018729
"beta",-0.000255897220983759,0.0623809046753581,0.0112451449241266,-0.0177693482319332,-0.011637018191131,0.000934479612452459
"gamma",-0.0213070100975264,0.0112451449241266,0.103521690367495,-0.00559285782468126,-0.000353869025834554,-0.0109659062107271
"delta",0.00134118190105476,-0.0177693482319332,-0.00559285782468126,0.0180114958060282,-0.0244965265609076,-0.00323056979641839
"lambda",-0.00173152904491287,-0.011637018191131,-0.000353869025834554,-0.0244965265609076,1.3668520153157,0.00356593105675281
