"","alpha","beta","gamma","delta","lambda","luce"
"",0,0,0,0,0,0
"alpha",0.0742170390690991,0.00898394927079939,0.00371182981197831,-0.00153522125478258,0.00954435613927235,-0.000760680273714882
"beta",0.00898394927079939,0.0649457407422195,0.0151835370305289,-0.00520282704715613,-0.0406701345135495,-0.00688589960933019
"gamma",0.00371182981197831,0.0151835370305289,0.0695697647366845,0.000805674850376666,0.039085631221101,0.0143242493158752
"delta",-0.00153522125478258,-0.00520282704715613,0.000805674850376666,0.03818969754534,-0.0143630596715739,-0.00477040756904377
"lambda",0.00954435613927235,-0.0406701345135495,0.039085631221101,-0.0143630596715739,0.932664959602741,-0.0407025055403767
"luce",-0.000760680273714882,-0.00688589960933019,0.0143242493158752,-0.00477040756904377,-0.0407025055403767,0.0682211805247155
"alpha",0.0605596513813936,0.00548787208547223,0.00462244351386158,0.000957385419792811,0.0228547733750569,0.000966385266181043
"beta",0.00548787208547223,0.0701542869620845,0.00268077733623157,-0.00294604007074845,-0.0974796185992983,-0.0132445855192867
"gamma",0.00462244351386158,0.00268077733623157,0.0466434147607675,0.00575088940747699,0.03531697818488,0.0131420693122562
"delta",0.000957385419792811,-0.00294604007074845,0.00575088940747699,0.0411500830024059,-0.0100456235214207,-0.000569763594330292
"lambda",0.0228547733750569,-0.0974796185992983,0.03531697818488,-0.0100456235214207,1.0796214355832,-0.0365892494614177
"luce",0.000966385266181043,-0.0132445855192867,0.0131420693122562,-0.000569763594330292,-0.0365892494614177,0.0660481734199391
"alpha",0.0680629224179988,0.00540860929414973,0.00601439532607081,0.000443771883307703,0.016361858385496,-0.0147209818725008
"beta",0.00540860929414973,0.0734001358451657,0.00513737917383132,-0.00940873898263187,-0.0806338187887899,-0.008358300747046
"gamma",0.00601439532607081,0.00513737917383132,0.0707487647791694,0.00258665438217565,0.0432850362207873,0.0077692044592103
"delta",0.000443771883307703,-0.00940873898263187,0.00258665438217565,0.0501435300974187,-0.0486977252101786,-0.0118121249094497
"lambda",0.016361858385496,-0.0806338187887899,0.0432850362207873,-0.0486977252101786,1.1442768197078,-0.0749558843659092
"luce",-0.0147209818725008,-0.008358300747046,0.0077692044592103,-0.0118121249094497,-0.0749558843659092,0.0689709093100391
"alpha",0.0515589334410547,0.000627010681649587,-0.000699810153606213,0.000968557135080253,-0.00132453762110852,-0.0210921610884522
"beta",0.000627010681649587,0.075272517257982,-0.00221392457164401,-0.0178351139958359,0.0169408970127841,0.00362059166908708
"gamma",-0.000699810153606213,-0.00221392457164401,0.0643324873079158,0.0122046412749721,0.00146886152337926,-0.000526839572361049
"delta",0.000968557135080253,-0.0178351139958359,0.0122046412749721,0.0437844822842189,-0.0844881145585337,-0.01966092420204
"lambda",-0.00132453762110852,0.0169408970127841,0.00146886152337926,-0.0844881145585337,1.30188129897482,0.0148484477801137
"luce",-0.0210921610884522,0.00362059166908708,-0.000526839572361049,-0.01966092420204,0.0148484477801137,0.0727689876745766
"alpha",0.0710389823622488,0.00830559071115218,0.00158684420555958,-0.0026460531339764,0.00940290219119401,-0.00344819217221399
"beta",0.00830559071115218,0.0671440840848183,0.0104698573569313,-0.00212136163608631,-0.0598241451684357,-0.00989148029316406
"gamma",0.00158684420555958,0.0104698573569313,0.0704619633321214,0.00442907660016507,0.0661926133384401,0.0100705812830186
"delta",-0.0026460531339764,-0.00212136163608631,0.00442907660016507,0.0377322515291667,-0.0129177156537435,-0.00131750705253882
"lambda",0.00940290219119401,-0.0598241451684357,0.0661926133384401,-0.0129177156537435,1.09258966719206,-0.0539953630616136
"luce",-0.00344819217221399,-0.00989148029316406,0.0100705812830186,-0.00131750705253882,-0.0539953630616136,0.0643878492559899
"alpha",0.0744270279484114,-0.00144356526884399,0.0076815942452187,0.000502457243298296,0.00510341324167144,-0.0178251482604467
"beta",-0.00144356526884399,0.0712636361281073,0.00196534451959433,-0.00638009004996151,0.00461830219146051,0.0037277305105662
"gamma",0.0076815942452187,0.00196534451959433,0.0380337362395374,-0.000109694789616644,0.0060568683502942,0.00613775819741835
"delta",0.000502457243298296,-0.00638009004996151,-0.000109694789616644,0.0136456701849014,-0.0371199779203359,-0.00750698968867409
"lambda",0.00510341324167144,0.00461830219146051,0.0060568683502942,-0.0371199779203359,1.31832895533632,0.021549247143971
"luce",-0.0178251482604467,0.0037277305105662,0.00613775819741835,-0.00750698968867409,0.021549247143971,0.0658922505410122
"alpha",0.0536175264006079,-0.00122652270029824,0.00686011167268797,0.00174199900445016,-0.0093461237608729,-0.00998301465513225
"beta",-0.00122652270029824,0.0805966390864767,-0.0031021156792687,-0.00841898280167229,0.0232107134602711,0.000634536411537349
"gamma",0.00686011167268797,-0.0031021156792687,0.0397284370665134,0.00128945939321188,-0.00438138924827415,0.00549002679763155
"delta",0.00174199900445016,-0.00841898280167229,0.00128945939321188,0.0173647113775476,-0.0466414484666964,-0.00511275238946326
"lambda",-0.0093461237608729,0.0232107134602711,-0.00438138924827415,-0.0466414484666964,1.38473288919274,0.00931565010832011
"luce",-0.00998301465513225,0.000634536411537349,0.00549002679763155,-0.00511275238946326,0.00931565010832011,0.0390801196530462
"alpha",0.0698081332228176,-0.00126119908238829,-0.00882194756831178,-0.00490258839788847,0.00166932465048791,-0.0231129475266502
"beta",-0.00126119908238829,0.0749933407018334,0.0030820857846067,-0.0122706525985112,-0.0227843329970784,-0.00344271886360802
"gamma",-0.00882194756831178,0.0030820857846067,0.0335405575892785,0.00670111517006078,0.0275109712950804,-0.00105643577475174
"delta",-0.00490258839788847,-0.0122706525985112,0.00670111517006078,0.0405975065939756,-0.0604013753349218,-0.0168771318115417
"lambda",0.00166932465048791,-0.0227843329970784,0.0275109712950804,-0.0604013753349218,1.33172774429095,-0.0392224403489367
"luce",-0.0231129475266502,-0.00344271886360802,-0.00105643577475174,-0.0168771318115417,-0.0392224403489367,0.0724164281589834
"alpha",0.0758501273283368,-0.00223005902592229,0.00576762605161953,-0.000642487505198164,0.00575724244845688,-0.0155265739268404
"beta",-0.00223005902592229,0.077545227934842,-1.71093415746377e-05,-0.0176174820921068,0.0133379325841584,0.0045116381784826
"gamma",0.00576762605161953,-1.71093415746377e-05,0.0525911753079663,0.0044691170954321,0.00321852051208883,0.00420378532906379
"delta",-0.000642487505198164,-0.0176174820921068,0.0044691170954321,0.0456280571382161,-0.0907330529678294,-0.0160562394724928
"lambda",0.00575724244845688,0.0133379325841584,0.00321852051208883,-0.0907330529678294,1.28827422177248,0.0246702965076646
"luce",-0.0155265739268404,0.0045116381784826,0.00420378532906379,-0.0160562394724928,0.0246702965076646,0.0610223240941097
"alpha",0.0653634900699309,0.00182550336469293,0.00509466354037467,0.00405449149430313,0.00309885437861,-0.0197139353366458
"beta",0.00182550336469293,0.0756328616664294,0.0014984258838168,-0.0136057083145193,-0.0164779963670604,0.00366697927069926
"gamma",0.00509466354037467,0.0014984258838168,0.0653773057703504,0.00937994710147191,-0.000831737743016585,0.00680019843088588
"delta",0.00405449149430313,-0.0136057083145193,0.00937994710147191,0.056745086445945,-0.0986981774591641,-0.0228161936230255
"lambda",0.00309885437861,-0.0164779963670604,-0.000831737743016585,-0.0986981774591641,1.29388447963175,0.0054772286446144
"luce",-0.0197139353366458,0.00366697927069926,0.00680019843088588,-0.0228161936230255,0.0054772286446144,0.0689506883996003
"alpha",0.0516877424172867,0.00119647698064843,0.00560321125058634,0.000183957983949989,0.000601736571522283,-0.00711071403971251
"beta",0.00119647698064843,0.0803390409493848,0.000281262453941758,-0.00798790475090174,0.0158436853715808,0.00415118239127577
"gamma",0.00560321125058634,0.000281262453941758,0.0399863236901194,0.00221547178328738,0.00317747262885625,0.0078040818284363
"delta",0.000183957983949989,-0.00798790475090174,0.00221547178328738,0.018317475440673,-0.0437575527894418,-0.00993662407370748
"lambda",0.000601736571522283,0.0158436853715808,0.00317747262885625,-0.0437575527894418,1.33692902873325,0.0200520587939932
"luce",-0.00711071403971251,0.00415118239127577,0.0078040818284363,-0.00993662407370748,0.0200520587939932,0.0674998334398717
"alpha",0.0593216812407536,0.00541320674786408,-0.00469285530321845,-0.00517185166737819,0.00304214523999504,-0.00930523020281218
"beta",0.00541320674786408,0.073072736442268,-0.00368422492339329,-0.0168964337502429,-0.00230811313784262,-0.00424195089276929
"gamma",-0.00469285530321845,-0.00368422492339329,0.047897360697599,0.017729524846942,0.000917226433853242,-0.000261454697289564
"delta",-0.00517185166737819,-0.0168964337502429,0.017729524846942,0.0521225280854016,-0.0919536283066292,-0.0155920438524723
"lambda",0.00304214523999504,-0.00230811313784262,0.000917226433853242,-0.0919536283066292,1.26364460594199,-0.0118628142566709
"luce",-0.00930523020281218,-0.00424195089276929,-0.000261454697289564,-0.0155920438524723,-0.0118628142566709,0.0636280485051236
"alpha",0.059766646380477,-0.000868848388325223,-0.00985019548969733,-0.00514994952453824,-0.00420684903138378,-0.00505275361406013
"beta",-0.000868848388325223,0.0734299098801803,0.00512266449193777,-0.0155332812653197,-0.0229092131624197,-0.00294990017555427
"gamma",-0.00985019548969733,0.00512266449193777,0.0465043684928043,0.0123149810930432,0.0379578303514927,-0.00115344796240146
"delta",-0.00514994952453824,-0.0155332812653197,0.0123149810930432,0.0522964678080227,-0.0842466923869947,-0.0126914660536676
"lambda",-0.00420684903138378,-0.0229092131624197,0.0379578303514927,-0.0842466923869947,1.30455289516153,-0.029291064715799
"luce",-0.00505275361406013,-0.00294990017555427,-0.00115344796240146,-0.0126914660536676,-0.029291064715799,0.0562709053898272
"alpha",0.0387313011242,0.000332074545904687,0.00521613209977719,0.00256594961638285,-0.00232593458830158,0.00147085637334388
"beta",0.000332074545904687,0.0679688690692779,-0.000318708691553278,-0.017520722874933,-0.0200006920085686,-0.0061301041028482
"gamma",0.00521613209977719,-0.000318708691553278,0.0209696354088657,0.00330110042575375,-0.00659225539061006,0.00686301201393982
"delta",0.00256594961638285,-0.017520722874933,0.00330110042575375,0.0777274279812735,-0.116804700677497,-0.0126875804695555
"lambda",-0.00232593458830158,-0.0200006920085686,-0.00659225539061006,-0.116804700677497,1.06024888523639,-0.0179643164975269
"luce",0.00147085637334388,-0.0061301041028482,0.00686301201393982,-0.0126875804695555,-0.0179643164975269,0.0680579336975251
"alpha",0.0670726091096084,0.000400680264860005,-0.00214954467706879,-0.0018972590089228,0.021953274797237,-0.000841125569803007
"beta",0.000400680264860005,0.0731522543401136,0.00987303657060081,-0.00664732682211479,-0.0883465565601616,-0.00773520799485442
"gamma",-0.00214954467706879,0.00987303657060081,0.0666790393979759,0.00435884710765318,0.0444553538818042,0.0105775381991006
"delta",-0.0018972590089228,-0.00664732682211479,0.00435884710765318,0.0460535886992549,-0.034687273594441,-0.00755520669492133
"lambda",0.021953274797237,-0.0883465565601616,0.0444553538818042,-0.034687273594441,1.17770021340024,-0.0632636790711892
"luce",-0.000841125569803007,-0.00773520799485442,0.0105775381991006,-0.00755520669492133,-0.0632636790711892,0.0679069918856022
"alpha",0.0726921919054289,-0.00045043240340606,0.00903815714676839,0.00587437788857922,-0.0119340698596679,-0.0135128186562776
"beta",-0.00045043240340606,0.0701156734709547,0.00205801482464075,-0.0195291866566799,-0.0262422909532766,0.000487441340781274
"gamma",0.00903815714676839,0.00205801482464075,0.0443061729810612,0.00803051338744809,-0.0102911613233563,0.00463422846828078
"delta",0.00587437788857922,-0.0195291866566799,0.00803051338744809,0.0771528709348953,-0.107790497062594,-0.0226665380694726
"lambda",-0.0119340698596679,-0.0262422909532766,-0.0102911613233563,-0.107790497062594,1.19969161528748,-0.012764017770511
"luce",-0.0135128186562776,0.000487441340781274,0.00463422846828078,-0.0226665380694726,-0.012764017770511,0.0702177399033967
"alpha",0.0789737724950216,0.00339443704006545,-0.0117573161877198,-0.00162552018400065,-0.0211802369128057,-0.00356316801219805
"beta",0.00339443704006545,0.0680649799425583,0.0143625962122879,-0.00404766782119736,-0.0419257671918104,-0.0114757317598913
"gamma",-0.0117573161877198,0.0143625962122879,0.0719414675586224,0.0010834493879546,0.0802887960126978,0.00509952840601896
"delta",-0.00162552018400065,-0.00404766782119736,0.0010834493879546,0.0383113368476816,-0.0199239449733873,-0.00264996357925463
"lambda",-0.0211802369128057,-0.0419257671918104,0.0802887960126978,-0.0199239449733873,1.05995433395941,-0.0321063916809537
"luce",-0.00356316801219805,-0.0114757317598913,0.00509952840601896,-0.00264996357925463,-0.0321063916809537,0.0595725135664058
"alpha",0.0650345275323996,-0.00106094109792455,-0.0100891172527029,-0.00278663096982793,-0.0109479338576179,-0.0165765974733959
"beta",-0.00106094109792455,0.0768571729544853,0.00391987914975454,-0.0121102137920473,-0.0235849545450602,-0.00435559139485074
"gamma",-0.0100891172527029,0.00391987914975454,0.0507652092973941,0.00838252872544007,0.0179717854452346,0.000219783483920461
"delta",-0.00278663096982793,-0.0121102137920473,0.00838252872544007,0.0490074727796286,-0.0870781566480361,-0.0207223217052022
"lambda",-0.0109479338576179,-0.0235849545450602,0.0179717854452346,-0.0870781566480361,1.29797259056621,-0.0152215476091557
"luce",-0.0165765974733959,-0.00435559139485074,0.000219783483920461,-0.0207223217052022,-0.0152215476091557,0.0689867170237138
"alpha",0.0747870301767304,0.000820807182243945,-0.0116686909886976,-0.00646448957690074,-0.00903694242209894,-0.0146496660290357
"beta",0.000820807182243945,0.0708137663765235,0.00461297681005659,-0.0160732117329273,-0.0256968041838894,-0.00507937513602155
"gamma",-0.0116686909886976,0.00461297681005659,0.055336452962038,0.00969461401522561,0.0503901212321438,0.000395330914440698
"delta",-0.00646448957690074,-0.0160732117329273,0.00969461401522561,0.0521961514491219,-0.0547346741069973,-0.0160184193301889
"lambda",-0.00903694242209894,-0.0256968041838894,0.0503901212321438,-0.0547346741069973,1.21862131818272,-0.0463564991444144
"luce",-0.0146496660290357,-0.00507937513602155,0.000395330914440698,-0.0160184193301889,-0.0463564991444144,0.0743037891530293
"alpha",0.0326536768266231,0.000151396868308547,0.00279264384257401,0.000287000828270899,-0.00248619003116565,-0.00646084125215721
"beta",0.000151396868308547,0.0782107135109611,-0.00156074061427865,-0.00427858854735484,0.00160186614718368,-0.000544830133894626
"gamma",0.00279264384257401,-0.00156074061427865,0.0542104829370404,0.000141819993358214,-0.00192024423837904,0.00594206278573918
"delta",0.000287000828270899,-0.00427858854735484,0.000141819993358214,0.00813156956159219,-0.0296869079333085,-0.00200339993340401
"lambda",-0.00248619003116565,0.00160186614718368,-0.00192024423837904,-0.0296869079333085,1.36650449402625,0.000389971469852906
"luce",-0.00646084125215721,-0.000544830133894626,0.00594206278573918,-0.00200339993340401,0.000389971469852906,0.0286949078326555
"alpha",0.0723856123703481,0.00346149108619205,0.00370080879068951,-0.00153312361500258,0.0202250406781155,-0.00390537572795049
"beta",0.00346149108619205,0.0662632713547197,0.00676630708290077,-0.00398822029145789,-0.0644258102583663,-0.0066550103289877
"gamma",0.00370080879068951,0.00676630708290077,0.0637925863771476,0.00577725398204384,0.0435928955195458,0.0106593220296727
"delta",-0.00153312361500258,-0.00398822029145789,0.00577725398204384,0.0506483543126026,-0.0485349678480686,-0.0102561750984227
"lambda",0.0202250406781155,-0.0644258102583663,0.0435928955195458,-0.0485349678480686,1.09973398414848,-0.0719841089841061
"luce",-0.00390537572795049,-0.0066550103289877,0.0106593220296727,-0.0102561750984227,-0.0719841089841061,0.0725547123842506
"alpha",0.0654336717067421,0.00913958952981136,0.00528451168485241,-0.0015931829595197,0.0217192586651373,-0.00992628864838341
"beta",0.00913958952981136,0.072902430549609,0.00438825711811658,-0.00745876320340343,-0.0691592150939809,-0.0100798725856081
"gamma",0.00528451168485241,0.00438825711811658,0.0583462991201673,0.00595328330562471,0.0192705852176645,0.00893497992042791
"delta",-0.0015931829595197,-0.00745876320340343,0.00595328330562471,0.0537870277950191,-0.0670711712206613,-0.0123399897057504
"lambda",0.0217192586651373,-0.0691592150939809,0.0192705852176645,-0.0670711712206613,1.09786175897404,-0.0574660804049098
"luce",-0.00992628864838341,-0.0100798725856081,0.00893497992042791,-0.0123399897057504,-0.0574660804049098,0.0712574880250979
"alpha",0.072275262236772,0.00774922642953626,0.00796171485293862,-0.0015536496837746,0.0202250055479518,-0.00694762454403919
"beta",0.00774922642953626,0.0726464951113258,0.00910638837803718,-0.0041691777427801,-0.0975238169029598,-0.00880228564838516
"gamma",0.00796171485293862,0.00910638837803718,0.0620156392465303,0.00306261709001162,0.0308535256015762,0.0118752567155806
"delta",-0.0015536496837746,-0.0041691777427801,0.00306261709001162,0.0443346918183065,-0.032240929909588,-0.00957819114760673
"lambda",0.0202250055479518,-0.0975238169029598,0.0308535256015762,-0.032240929909588,1.14474263912788,-0.0720125542371518
"luce",-0.00694762454403919,-0.00880228564838516,0.0118752567155806,-0.00957819114760673,-0.0720125542371518,0.0736290137823639
"alpha",0.064967654110898,0.000436979332338548,-0.0110391944129262,-0.00612091266627408,-0.00984006647420999,-0.0146627334547822
"beta",0.000436979332338548,0.0783570033390267,0.00351377964145163,-0.0118829640856726,-0.00588721442636379,-0.00122365270880044
"gamma",-0.0110391944129262,0.00351377964145163,0.0417720663817954,0.00913944984364195,0.0220310499207304,-0.000149874827899779
"delta",-0.00612091266627408,-0.0118829640856726,0.00913944984364195,0.0394949290358663,-0.0671613707390739,-0.019705817507688
"lambda",-0.00984006647420999,-0.00588721442636379,0.0220310499207304,-0.0671613707390739,1.27919611155083,-0.00124883067022877
"luce",-0.0146627334547822,-0.00122365270880044,-0.000149874827899779,-0.019705817507688,-0.00124883067022877,0.0696265423426448
"alpha",0.0626922986338432,0.00139630016612021,-2.27084674681392e-05,-0.0010811976873239,0.013357187565402,-0.0164789500667342
"beta",0.00139630016612021,0.0674323981627852,0.00398057150735026,-0.0140906485742422,-0.0598255593134709,-0.00591495316910099
"gamma",-2.27084674681392e-05,0.00398057150735026,0.0687935215455697,0.00656410998031248,0.028832940058848,0.0082059945807581
"delta",-0.0010811976873239,-0.0140906485742422,0.00656410998031248,0.0592054471146204,-0.0506530474507938,-0.0157742214960872
"lambda",0.013357187565402,-0.0598255593134709,0.028832940058848,-0.0506530474507938,1.16244453014478,-0.0531555083410829
"luce",-0.0164789500667342,-0.00591495316910099,0.0082059945807581,-0.0157742214960872,-0.0531555083410829,0.0661762649048116
"alpha",0.0675156005415254,0.00163042066771341,-0.00703823493153389,-0.00783751614202798,0.00858572340297892,-0.0137038405351333
"beta",0.00163042066771341,0.0752438486725423,-0.00142013509084733,-0.0166938359800586,-0.0311625326719319,0.00250685072225421
"gamma",-0.00703823493153389,-0.00142013509084733,0.0607713862011414,0.016878442821967,0.0207144340380035,-0.00376604667374211
"delta",-0.00783751614202798,-0.0166938359800586,0.016878442821967,0.057475248799753,-0.0868297824591029,-0.0239828052068001
"lambda",0.00858572340297892,-0.0311625326719319,0.0207144340380035,-0.0868297824591029,1.35140906725287,-0.00919603933469093
"luce",-0.0137038405351333,0.00250685072225421,-0.00376604667374211,-0.0239828052068001,-0.00919603933469093,0.0725346396822035
"alpha",0.0734089115934139,-0.00051370707936737,-0.0153097691565605,0.00194698891316287,-0.00970036647680102,-0.00741241138364399
"beta",-0.00051370707936737,0.0585040729090144,0.0106752256784436,-0.00226180670896597,-0.0196417358930727,-0.0074602909886145
"gamma",-0.0153097691565605,0.0106752256784436,0.0648953976018536,0.00121304289820972,0.042233623589673,0.00482428214878102
"delta",0.00194698891316287,-0.00226180670896597,0.00121304289820972,0.0327669896793081,-0.00759166013977801,-0.00422437418692953
"lambda",-0.00970036647680102,-0.0196417358930727,0.042233623589673,-0.00759166013977801,0.833465262563761,-0.0229485072000538
"luce",-0.00741241138364399,-0.0074602909886145,0.00482428214878102,-0.00422437418692953,-0.0229485072000538,0.0537944395645799
"alpha",0.06242634228223,-0.00151108899291838,-0.00028880482667949,-0.000727352826717116,0.00463612258075506,-0.0171862500077459
"beta",-0.00151108899291838,0.0768363800296929,0.00284605121083503,-0.00786351278454001,0.0169702187968666,-0.00111073108859303
"gamma",-0.00028880482667949,0.00284605121083503,0.060619737814025,0.00554672992377154,0.0040375351337251,0.00108695981290616
"delta",-0.000727352826717116,-0.00786351278454001,0.00554672992377154,0.0224955870374606,-0.0587045864197716,-0.00832670859633334
"lambda",0.00463612258075506,0.0169702187968666,0.0040375351337251,-0.0587045864197716,1.40597284220426,-0.00488216193822936
"luce",-0.0171862500077459,-0.00111073108859303,0.00108695981290616,-0.00832670859633334,-0.00488216193822936,0.0569146239257016
"alpha",0.0703311149500668,0.00165937493152369,-0.0124108803694532,-0.00305198111117221,-0.0210310707727209,-0.013956995892025
"beta",0.00165937493152369,0.0752963357490432,0.00691179102794761,-0.0120533035732646,-0.0258931884174347,-0.0102286108663786
"gamma",-0.0124108803694532,0.00691179102794761,0.0505478528987916,0.00265538291222412,0.0519709574237826,0.000170943598479773
"delta",-0.00305198111117221,-0.0120533035732646,0.00265538291222412,0.0417686665430075,-0.0516607910447954,-0.0156765530659357
"lambda",-0.0210310707727209,-0.0258931884174347,0.0519709574237826,-0.0516607910447954,1.23834301544525,-0.0764721432325871
"luce",-0.013956995892025,-0.0102286108663786,0.000170943598479773,-0.0156765530659357,-0.0764721432325871,0.0784067771860501
"alpha",0.0702124061227211,-0.00114745260142162,-0.00319128645565634,-0.000593447028324759,0.00488537694697047,-0.0183347088758564
"beta",-0.00114745260142162,0.0748346171318118,0.0075450024607835,-0.00919210942307694,-0.0331696268446604,-0.0103019296140605
"gamma",-0.00319128645565634,0.0075450024607835,0.0655714686330812,0.00560860789345234,0.0351050488787137,0.00556843650800946
"delta",-0.000593447028324759,-0.00919210942307694,0.00560860789345234,0.047641847150457,-0.0739621785134217,-0.0160986253010553
"lambda",0.00488537694697047,-0.0331696268446604,0.0351050488787137,-0.0739621785134217,1.25446456721797,-0.0681035742479344
"luce",-0.0183347088758564,-0.0103019296140605,0.00556843650800946,-0.0160986253010553,-0.0681035742479344,0.0784762810858176
"alpha",0.0796601350325976,-5.38220551746488e-05,-0.0117789627680728,-0.00398417742735921,-0.0165660573614255,-0.0080116315578989
"beta",-5.38220551746488e-05,0.0749599208373372,0.0080177701820102,-0.0110721466638747,-0.0563000102953442,-0.0130602775421039
"gamma",-0.0117789627680728,0.0080177701820102,0.0552054140627257,0.00365688123487648,0.0565270246906887,0.00168060673564501
"delta",-0.00398417742735921,-0.0110721466638747,0.00365688123487648,0.0464723937453029,-0.0415543893390145,-0.0115133383173234
"lambda",-0.0165660573614255,-0.0563000102953442,0.0565270246906887,-0.0415543893390145,1.20635942603071,-0.06647523071426
"luce",-0.0080116315578989,-0.0130602775421039,0.00168060673564501,-0.0115133383173234,-0.06647523071426,0.0694357601274564
"alpha",0.0618377250700299,0.00528470608174845,-0.00357796449747648,-0.0051931998488516,0.00650640121197274,-0.0113267864150026
"beta",0.00528470608174845,0.0773526567856168,0.00336779571899459,-0.0189630006758413,-0.0404799617543178,-0.00283757274066722
"gamma",-0.00357796449747648,0.00336779571899459,0.0686207521056614,0.0132416873934777,0.0447734300292094,0.00429061299282535
"delta",-0.0051931998488516,-0.0189630006758413,0.0132416873934777,0.0568396733641141,-0.0757721727431847,-0.0127036783765448
"lambda",0.00650640121197274,-0.0404799617543178,0.0447734300292094,-0.0757721727431847,1.26234481099814,-0.0470458484774833
"luce",-0.0113267864150026,-0.00283757274066722,0.00429061299282535,-0.0127036783765448,-0.0470458484774833,0.0669326927393421
"alpha",0.0781536129083165,-0.00162965140430099,-0.0115735352985701,0.000768235580612226,-0.00783269431733609,-0.00525302796615595
"beta",-0.00162965140430099,0.0599922299807572,0.010744370801716,-0.00154285915817496,-0.0132278596353493,-0.00317569820645481
"gamma",-0.0115735352985701,0.010744370801716,0.0624843682890275,0.0010803367166402,0.0406717790787548,-0.000874948561390603
"delta",0.000768235580612226,-0.00154285915817496,0.0010803367166402,0.0331182057272775,-0.00915664562404331,-0.00290721873525823
"lambda",-0.00783269431733609,-0.0132278596353493,0.0406717790787548,-0.00915664562404331,0.800853251272752,-0.015052292459444
"luce",-0.00525302796615595,-0.00317569820645481,-0.000874948561390603,-0.00290721873525823,-0.015052292459444,0.052920014739087
"alpha",0.0419201928533575,0.00286678227291998,-0.00470289553166153,-0.000602265201779363,-0.00134915454028929,-0.0130241363667607
"beta",0.00286678227291998,0.0732335089131564,0.00462562235444159,-0.0137473477517082,-0.0498311296715447,-0.00419324127712224
"gamma",-0.00470289553166153,0.00462562235444159,0.0682702449254006,0.0056339288720741,0.0314502047344274,0.00191577735876762
"delta",-0.000602265201779363,-0.0137473477517082,0.0056339288720741,0.052026836033828,-0.076451553616462,-0.0158565743082979
"lambda",-0.00134915454028929,-0.0498311296715447,0.0314502047344274,-0.076451553616462,1.18448289394121,-0.0346737198676642
"luce",-0.0130241363667607,-0.00419324127712224,0.00191577735876762,-0.0158565743082979,-0.0346737198676642,0.0521607393017861
"alpha",0.064618863577013,0.00464874518510218,0.00720789262209447,-0.00223905224373399,0.0159755134263692,-0.0152484360763526
"beta",0.00464874518510218,0.0720056884178974,0.00180971952972752,-0.00865142405334892,-0.0751672929444257,-0.00595510963677011
"gamma",0.00720789262209447,0.00180971952972752,0.0594764775320568,0.00224287757037428,0.0127156991003046,0.00931722931976771
"delta",-0.00223905224373399,-0.00865142405334892,0.00224287757037428,0.0596606098833993,-0.0669937130385,-0.0155900587455702
"lambda",0.0159755134263692,-0.0751672929444257,0.0127156991003046,-0.0669937130385,1.14287355008483,-0.0684041015836992
"luce",-0.0152484360763526,-0.00595510963677011,0.00931722931976771,-0.0155900587455702,-0.0684041015836992,0.0650598762158995
"alpha",0.0617137661054522,0.00498447868549836,0.00730778874383737,0.00240815098862459,0.0182380874905507,-0.0184944251161432
"beta",0.00498447868549836,0.075012050302624,0.00136059304466375,-0.0133319257797074,-0.0455321036582674,-0.00622661670398041
"gamma",0.00730778874383737,0.00136059304466375,0.0622892720591781,0.00775368483387205,0.011188599260443,0.00715075940553796
"delta",0.00240815098862459,-0.0133319257797074,0.00775368483387205,0.0581060192726698,-0.0820179878109792,-0.0187533312637851
"lambda",0.0182380874905507,-0.0455321036582674,0.011188599260443,-0.0820179878109792,1.18205777313602,-0.0609750821070308
"luce",-0.0184944251161432,-0.00622661670398041,0.00715075940553796,-0.0187533312637851,-0.0609750821070308,0.0801862059479007
"alpha",0.0622342620865198,-0.00146444877059681,0.00412321889002332,-6.84239987134457e-05,0.0074197654514368,-0.0190878529149407
"beta",-0.00146444877059681,0.0776927055552445,-0.00216603583466056,-0.00985080621467353,0.0104062364330905,0.00331175077474677
"gamma",0.00412321889002332,-0.00216603583466056,0.0569535423658818,0.00351181370404645,0.00918453619579546,0.00758204085510884
"delta",-6.84239987134457e-05,-0.00985080621467353,0.00351181370404645,0.0231515893274262,-0.0554186539229442,-0.00937189206950261
"lambda",0.0074197654514368,0.0104062364330905,0.00918453619579546,-0.0554186539229442,1.39284707777427,-0.00933212899591045
"luce",-0.0190878529149407,0.00331175077474677,0.00758204085510884,-0.00937189206950261,-0.00933212899591045,0.0692399814426894
"alpha",0.0757293173785073,0.0041179223405986,-0.00657231933416613,-0.000769225283967046,-0.00631351461102072,-0.00684534548727992
"beta",0.0041179223405986,0.068904717164576,0.011741395734269,-0.00789669467489238,-0.0442431425271561,-0.013119194378559
"gamma",-0.00657231933416613,0.011741395734269,0.0758628491534753,0.00273024516252432,0.0552924801702399,0.00673801291586343
"delta",-0.000769225283967046,-0.00789669467489238,0.00273024516252432,0.0435489952880445,-0.044385535682376,-0.00956792458938291
"lambda",-0.00631351461102072,-0.0442431425271561,0.0552924801702399,-0.044385535682376,1.10083301143818,-0.0624275933652566
"luce",-0.00684534548727992,-0.013119194378559,0.00673801291586343,-0.00956792458938291,-0.0624275933652566,0.0713522338853182
"alpha",0.0423991013489679,-0.00114764107401222,0.00378637674696391,-0.000840232253668946,0.00704862770718324,-0.0131273477088371
"beta",-0.00114764107401222,0.0775607799115244,-0.00146687170733631,-0.00753017989430306,0.0202813628838803,0.0012250280377709
"gamma",0.00378637674696391,-0.00146687170733631,0.0618483838370499,0.00163061426848223,0.00633358561843868,0.0033894682481329
"delta",-0.000840232253668946,-0.00753017989430306,0.00163061426848223,0.0178832092199102,-0.0468038176835262,-0.00588849819939781
"lambda",0.00704862770718324,0.0202813628838803,0.00633358561843868,-0.0468038176835262,1.35714832399722,0.0190069730120006
"luce",-0.0131273477088371,0.0012250280377709,0.0033894682481329,-0.00588849819939781,0.0190069730120006,0.0474013718802925
"alpha",0.0761849887477988,-0.000885697938725054,-0.0136786538234872,-7.47380917843317e-05,-0.0124925065985281,-0.00706038523215636
"beta",-0.000885697938725054,0.0649745161467872,0.0105958880674993,-0.00206976486597984,-0.0174995260094176,-0.00865712159959516
"gamma",-0.0136786538234872,0.0105958880674993,0.0669188863033002,0.000157157101061945,0.0494318718536767,0.00137498314701134
"delta",-7.47380917843317e-05,-0.00206976486597984,0.000157157101061945,0.0328988038082346,-0.00827540995928772,-0.00318577136692262
"lambda",-0.0124925065985281,-0.0174995260094176,0.0494318718536767,-0.00827540995928772,0.836476088183212,-0.0168592609335273
"luce",-0.00706038523215636,-0.00865712159959516,0.00137498314701134,-0.00318577136692262,-0.0168592609335273,0.0557110588895093
"alpha",0.0789339675817076,0.0049044533566269,-0.00863636181765647,-0.00466913417394489,-0.000115735694405821,-0.00952001352811154
"beta",0.0049044533566269,0.0710723854044581,0.0145210975937841,-0.00223999892605199,-0.0407025444516403,-0.0173504125918763
"gamma",-0.00863636181765647,0.0145210975937841,0.0711734900050592,0.00367558724864397,0.0453791816731919,0.00421320386457624
"delta",-0.00466913417394489,-0.00223999892605199,0.00367558724864397,0.0364941538065294,-0.00326645211755748,-0.00533067549285787
"lambda",-0.000115735694405821,-0.0407025444516403,0.0453791816731919,-0.00326645211755748,0.940800479392336,-0.0498577955812313
"luce",-0.00952001352811154,-0.0173504125918763,0.00421320386457624,-0.00533067549285787,-0.0498577955812313,0.0682530044275692
"alpha",0.071301878133868,0.00317079925994541,-0.0049560898940327,-0.00386403638244222,0.0105435685224908,-0.016864010005677
"beta",0.00317079925994541,0.0696300925608926,0.000664479122222273,-0.0144483510099641,-0.0538317847485122,-0.00523989756758926
"gamma",-0.0049560898940327,0.000664479122222273,0.0698029556169967,0.0090209546674067,0.0441314776748798,0.00695900583467189
"delta",-0.00386403638244222,-0.0144483510099641,0.0090209546674067,0.0584359176392739,-0.0708926542282635,-0.0179220473859056
"lambda",0.0105435685224908,-0.0538317847485122,0.0441314776748798,-0.0708926542282635,1.28221597612924,-0.0493363759548352
"luce",-0.016864010005677,-0.00523989756758926,0.00695900583467189,-0.0179220473859056,-0.0493363759548352,0.071821768032879
"alpha",0.0534803796662302,0.00277577108091445,0.00600895888624213,0.00148765960462971,0.0150809274668151,-0.0132847992738502
"beta",0.00277577108091445,0.0771233245751334,0.000775066044352652,-0.0150274985463501,0.00863660314532516,0.00101261481868211
"gamma",0.00600895888624213,0.000775066044352652,0.0656086798794525,0.00973228105689312,-0.0101280680489153,0.00453403376908348
"delta",0.00148765960462971,-0.0150274985463501,0.00973228105689312,0.0591298420727503,-0.110439898426773,-0.0169596838961054
"lambda",0.0150809274668151,0.00863660314532516,-0.0101280680489153,-0.110439898426773,1.31043487254626,0.00665351136917892
"luce",-0.0132847992738502,0.00101261481868211,0.00453403376908348,-0.0169596838961054,0.00665351136917892,0.0506088317343825
"alpha",0.0665488708154128,0.00277538640153549,0.000181635900977992,0.000446564749866175,0.00926512477072004,-0.0142354762653903
"beta",0.00277538640153549,0.0709172992557382,0.00571838576163767,-0.00802064544443907,-0.0560871135418569,-0.00839533089435343
"gamma",0.000181635900977992,0.00571838576163767,0.0638215070087202,0.0115393275822494,0.0219022334917639,0.00717755215922521
"delta",0.000446564749866175,-0.00802064544443907,0.0115393275822494,0.0565958757707612,-0.0697339175497833,-0.0163293436320449
"lambda",0.00926512477072004,-0.0560871135418569,0.0219022334917639,-0.0697339175497833,1.15315931047058,-0.0513142022017466
"luce",-0.0142354762653903,-0.00839533089435343,0.00717755215922521,-0.0163293436320449,-0.0513142022017466,0.0749046211627016
"alpha",0.0686365855441299,0.00223496924758238,0.00933819680353657,0.000540503123106004,0.0238550024132151,-0.00585618612182065
"beta",0.00223496924758238,0.072484901896756,0.00386320166985414,-0.0103975616329068,-0.0995696644871815,-0.00923156893187758
"gamma",0.00933819680353657,0.00386320166985414,0.0616359935810028,0.00561766940510582,0.0377030858178929,0.011105568916515
"delta",0.000540503123106004,-0.0103975616329068,0.00561766940510582,0.0463738101555647,-0.0232857029205144,-0.00639628893351464
"lambda",0.0238550024132151,-0.0995696644871815,0.0377030858178929,-0.0232857029205144,1.13380682206919,-0.0686378466977373
"luce",-0.00585618612182065,-0.00923156893187758,0.011105568916515,-0.00639628893351464,-0.0686378466977373,0.072667940716846
"alpha",0.0463805440911119,0.00221983368235364,-0.0010752472167516,-0.000168097318299571,0.0163846765201208,-0.0136744209447216
"beta",0.00221983368235364,0.0618262310646394,0.00902349015999941,-0.00259535299440121,-0.0407239623212045,-0.0149387958391233
"gamma",-0.0010752472167516,0.00902349015999941,0.0768738090250932,0.00016466080740066,0.0346650987141792,0.0103363514485454
"delta",-0.000168097318299571,-0.00259535299440121,0.00016466080740066,0.0335900723938387,-0.00506623605771753,-0.00431380479386434
"lambda",0.0163846765201208,-0.0407239623212045,0.0346650987141792,-0.00506623605771753,0.943152261051362,-0.0758112021413631
"luce",-0.0136744209447216,-0.0149387958391233,0.0103363514485454,-0.00431380479386434,-0.0758112021413631,0.0720927690530625
"alpha",0.069192036589665,-0.00109897017001091,-0.00585543048133119,-0.00169701109443919,0.00470761427688783,-0.0157533280573594
"beta",-0.00109897017001091,0.0730079170613791,0.00684472362042334,-0.00798044533365434,-0.0710967629937194,-0.00939522290433043
"gamma",-0.00585543048133119,0.00684472362042334,0.0669099440643997,0.00281224435152138,0.0500125137566128,0.00795440165032896
"delta",-0.00169701109443919,-0.00798044533365434,0.00281224435152138,0.0438967604606823,-0.0528911754222679,-0.0104813790983619
"lambda",0.00470761427688783,-0.0710967629937194,0.0500125137566128,-0.0528911754222679,1.17404656512452,-0.0606721973232974
"luce",-0.0157533280573594,-0.00939522290433043,0.00795440165032896,-0.0104813790983619,-0.0606721973232974,0.0707313650941223
"alpha",0.0749715738801589,0.00158344582781408,-0.00762414840118489,-0.00139355193023217,-0.0107344516310603,-0.00671232222573336
"beta",0.00158344582781408,0.0707166145260424,0.0120347794119424,-0.00914071859305955,-0.0547618885777216,-0.0097422001698756
"gamma",-0.00762414840118489,0.0120347794119424,0.071616963769048,0.00094194636478794,0.0645414571805081,0.00723745413717807
"delta",-0.00139355193023217,-0.00914071859305955,0.00094194636478794,0.0440455154473686,-0.0438718778438682,-0.00955096330224934
"lambda",-0.0107344516310603,-0.0547618885777216,0.0645414571805081,-0.0438718778438682,1.19411961850974,-0.0667979586090976
"luce",-0.00671232222573336,-0.0097422001698756,0.00723745413717807,-0.00955096330224934,-0.0667979586090976,0.0703719878125541
"alpha",0.0618241658684327,0.00140505940515408,0.00561280318057334,0.000188890366736913,0.0296541694321352,0.004264090873247
"beta",0.00140505940515408,0.06833812461186,0.00648331317272831,-0.000795294148943456,-0.111697207848244,-0.00764668743070514
"gamma",0.00561280318057334,0.00648331317272831,0.0588062841547035,0.00351505420889968,0.0555300497136329,0.0119617264894396
"delta",0.000188890366736913,-0.000795294148943456,0.00351505420889968,0.0384186321775749,-0.0203605464020231,-0.00387800843330685
"lambda",0.0296541694321352,-0.111697207848244,0.0555300497136329,-0.0203605464020231,1.09404697871672,-0.0266549854397344
"luce",0.004264090873247,-0.00764668743070514,0.0119617264894396,-0.00387800843330685,-0.0266549854397344,0.0615254772373189
"alpha",0.076171448246599,-0.000592852861638463,-0.0148821656022046,-0.00120102202641431,-0.00429436538569755,-0.00594820248723104
"beta",-0.000592852861638463,0.0564020915672843,0.00952944986584862,-0.00221880322021938,-0.0221485418481258,-0.00618386855675268
"gamma",-0.0148821656022046,0.00952944986584862,0.0662595639489712,0.00139827416024894,0.0528341238403201,0.00361737356410229
"delta",-0.00120102202641431,-0.00221880322021938,0.00139827416024894,0.0310966118596948,-0.00425141112968562,-0.00276271372179593
"lambda",-0.00429436538569755,-0.0221485418481258,0.0528341238403201,-0.00425141112968562,0.829448435379725,-0.0217115372701078
"luce",-0.00594820248723104,-0.00618386855675268,0.00361737356410229,-0.00276271372179593,-0.0217115372701078,0.0546326481027895
"alpha",0.0625153489164497,0.000358510869142698,-0.00289568990045383,0.000400573625398628,-0.00219107160759556,-0.0184926084774545
"beta",0.000358510869142698,0.0764920164803028,0.00243142233362731,-0.0153650465410699,-0.0125293713075637,0.000234072379970213
"gamma",-0.00289568990045383,0.00243142233362731,0.065160976165864,0.0136372857394069,-0.00465625462490515,0.00200408612796333
"delta",0.000400573625398628,-0.0153650465410699,0.0136372857394069,0.0566525336220583,-0.0943714083777909,-0.023079956981035
"lambda",-0.00219107160759556,-0.0125293713075637,-0.00465625462490515,-0.0943714083777909,1.35125097197037,-0.0166260475719284
"luce",-0.0184926084774545,0.000234072379970213,0.00200408612796333,-0.023079956981035,-0.0166260475719284,0.077952757495655
"alpha",0.0608099938408936,0.00165404399187575,-0.0021376894740619,0.000788887771868042,0.00540732268790765,-0.0193809868809958
"beta",0.00165404399187575,0.0786556871843184,0.00338662625220981,-0.0128472834082682,-0.0292258656417399,-0.00424650859358308
"gamma",-0.0021376894740619,0.00338662625220981,0.071148294805425,0.00940856311926222,0.0215827852197035,0.00460681683457466
"delta",0.000788887771868042,-0.0128472834082682,0.00940856311926222,0.0540298068192225,-0.0886994473042984,-0.0193363707490536
"lambda",0.00540732268790765,-0.0292258656417399,0.0215827852197035,-0.0886994473042984,1.29101360187118,-0.033267410221606
"luce",-0.0193809868809958,-0.00424650859358308,0.00460681683457466,-0.0193363707490536,-0.033267410221606,0.0693649445218005
"alpha",0.0720998146282843,-0.00267910609562126,-0.0127754564709332,-0.000908589792790549,-0.00167299649466114,-0.00411990024044896
"beta",-0.00267910609562126,0.054392309398242,0.0112698572462801,-0.0043313437143601,-0.00588463353143366,-0.00633573655679736
