"","alpha","gamma","luce"
"",0,0,0
"alpha",0.0604511489946363,0.00174247870682108,-0.0123746679612141
"gamma",0.00174247870682108,0.0260461653032317,0.00373644582156174
"luce",-0.0123746679612141,0.00373644582156174,0.0743843124926488
"alpha",0.0605152179184691,0.00257575697826463,-0.0175013954149788
"gamma",0.00257575697826463,0.0522496667692482,0.00614202076605436
"luce",-0.0175013954149788,0.00614202076605436,0.0657605079828058
"alpha",0.0648364267630307,0.00697008003085628,-0.0145447684475856
"gamma",0.00697008003085628,0.0411235517222746,0.00566413672011837
"luce",-0.0145447684475856,0.00566413672011837,0.074634571660921
"alpha",0.036897422604237,0.00129762212180972,-0.0126902314616509
"gamma",0.00129762212180972,0.0313880508113169,0.00580057183777283
"luce",-0.0126902314616509,0.00580057183777283,0.0602778832772203
"alpha",0.0595189632751148,0.000224424041325216,-0.0195747095947738
"gamma",0.000224424041325216,0.0388008285240327,0.00973490714521346
"luce",-0.0195747095947738,0.00973490714521346,0.0710006364971347
"alpha",0.0600111410910462,0.00519226740660704,-0.0209695430834549
"gamma",0.00519226740660704,0.035435618603694,0.00438841658259256
"luce",-0.0209695430834549,0.00438841658259256,0.0745044767694987
"alpha",0.0686881054674235,0.0013232710768064,-0.0131640333197848
"gamma",0.0013232710768064,0.0342740322360454,0.00389759772722205
"luce",-0.0131640333197848,0.00389759772722205,0.0806646834813907
"alpha",0.0613674857471148,0.000162967585069722,-0.0162230945408113
"gamma",0.000162967585069722,0.0481586283463633,0.00341330370531376
"luce",-0.0162230945408113,0.00341330370531376,0.0542446660705437
"alpha",0.0602269304943982,7.52926843770786e-05,-0.029553629861579
"gamma",7.52926843770786e-05,0.0205761173460936,-0.000885539807003873
"luce",-0.029553629861579,-0.000885539807003873,0.071353272820287
"alpha",0.0583037861027653,0.00320244734067166,-0.0219807021691444
"gamma",0.00320244734067166,0.0347934651667298,0.00639987927723491
"luce",-0.0219807021691444,0.00639987927723491,0.074703622103258
"alpha",0.0569775855734768,0.000921087308630145,-0.010315524545212
"gamma",0.000921087308630145,0.0318206066665745,0.00400470839961451
"luce",-0.010315524545212,0.00400470839961451,0.0682718753554518
"alpha",0.0637330906920679,-0.00138027552410064,-0.0312495302582004
"gamma",-0.00138027552410064,0.01076223883562,0.0012607799249931
"luce",-0.0312495302582004,0.0012607799249931,0.0737255336456276
"alpha",0.0412512056922975,0.000604552211685466,-0.00570253102795371
"gamma",0.000604552211685466,0.0283111180484695,0.00372521051015087
"luce",-0.00570253102795371,0.00372521051015087,0.0617062238993568
"alpha",0.0381772626066857,0.00306107439079615,-0.00222057488060666
"gamma",0.00306107439079615,0.0188552211520613,0.00476263523163117
"luce",-0.00222057488060666,0.00476263523163117,0.0547863421538606
"alpha",0.0355317308749671,0.00145077056672266,-0.00944062675476266
"gamma",0.00145077056672266,0.0647517626359649,0.00486852069692039
"luce",-0.00944062675476266,0.00486852069692039,0.0405672428541664
"alpha",0.0456387968858164,0.00254184639617798,-0.0140044535489224
"gamma",0.00254184639617798,0.0376234806786135,0.00774895686249153
"luce",-0.0140044535489224,0.00774895686249153,0.0701265593218148
"alpha",0.0363505543013635,-0.000788773795780544,-0.00063410349318005
"gamma",-0.000788773795780544,0.0243448162653987,0.00357033294666615
"luce",-0.00063410349318005,0.00357033294666615,0.0565418128419282
"alpha",0.0559008461029136,-0.000143574866141732,-0.0216488204413448
"gamma",-0.000143574866141732,0.048163262985638,0.00442559925305275
"luce",-0.0216488204413448,0.00442559925305275,0.0731958283377649
"alpha",0.0533831481470484,0.00153692385473674,-0.017165609655076
"gamma",0.00153692385473674,0.00850052065396003,0.00165800006566351
"luce",-0.017165609655076,0.00165800006566351,0.0550719841845909
"alpha",0.0685843079940814,0.00356882172261914,-0.0206546364592345
"gamma",0.00356882172261914,0.024857509718683,0.00511729685969265
"luce",-0.0206546364592345,0.00511729685969265,0.0797880509790994
"alpha",0.0542262057180757,0.00188848913934406,-0.00834819500829716
"gamma",0.00188848913934406,0.0156068619450312,0.00454920270825972
"luce",-0.00834819500829716,0.00454920270825972,0.0690562169775542
"alpha",0.0624376027880944,0.00329543170888084,-0.0179016959525429
"gamma",0.00329543170888084,0.0333916406687769,0.00595434687720456
"luce",-0.0179016959525429,0.00595434687720456,0.0747008820991519
"alpha",0.0658610028793101,-0.000179514895849856,-0.0142764955396903
"gamma",-0.000179514895849856,0.040682324596158,0.0064277009565496
"luce",-0.0142764955396903,0.0064277009565496,0.0751481696903239
"alpha",0.0579382135776132,0.00495773993081222,-0.011502731546898
"gamma",0.00495773993081222,0.0246117628861782,0.00880686188657524
"luce",-0.011502731546898,0.00880686188657524,0.0714847600400821
"alpha",0.0491608941051536,0.00399497927179117,-0.0204221995623006
"gamma",0.00399497927179117,0.0478096708323383,0.00738830333431596
"luce",-0.0204221995623006,0.00738830333431596,0.0743297261605216
"alpha",0.063416304040075,0.00214518710722374,-0.0262112208748008
"gamma",0.00214518710722374,0.024652641202927,0.000267861916945963
"luce",-0.0262112208748008,0.000267861916945963,0.0695579090439594
"alpha",0.0323157140869332,-0.000625687040791121,-0.00477751045303916
"gamma",-0.000625687040791121,0.00604767275610236,0.000374174417040639
"luce",-0.00477751045303916,0.000374174417040639,0.0334764186267652
"alpha",0.0551938525324205,-0.00212947772426127,-0.0261849047263314
"gamma",-0.00212947772426127,0.0278654240471325,0.00474226325620811
"luce",-0.0261849047263314,0.00474226325620811,0.0723074733447683
"alpha",0.0666640649569715,0.00129605176509752,-0.0270585686521471
"gamma",0.00129605176509752,0.0368885025659721,0.00915453090881463
"luce",-0.0270585686521471,0.00915453090881463,0.0761124416176725
"alpha",0.0388594610328253,-0.000760526174965089,-0.0149843561914184
"gamma",-0.000760526174965089,0.0548379360911748,0.00998354112490209
"luce",-0.0149843561914184,0.00998354112490209,0.0796092349376605
"alpha",0.0588100570956481,0.00335922771382829,-0.0178832296318292
"gamma",0.00335922771382829,0.0391913920746092,0.00594493156903894
"luce",-0.0178832296318292,0.00594493156903894,0.0772389302289639
"alpha",0.0710461082302817,0.00982707314768898,-0.020219718506077
"gamma",0.00982707314768898,0.0522775811208273,0.0105390050112651
"luce",-0.020219718506077,0.0105390050112651,0.0744179736352949
"alpha",0.0331293245303648,0.000111116536434619,-0.00477049650860411
"gamma",0.000111116536434619,0.00662139513147064,0.00047108537442993
"luce",-0.00477049650860411,0.00047108537442993,0.0363262022815914
"alpha",0.0670703341760777,2.49787699212802e-05,-0.0194166749378991
"gamma",2.49787699212802e-05,0.0415738965816205,0.00652528101788515
"luce",-0.0194166749378991,0.00652528101788515,0.0754466302879564
"alpha",0.0273784122987221,-0.00154668789199984,-0.0101842875775888
"gamma",-0.00154668789199984,0.054636725160412,0.00646493726143432
"luce",-0.0101842875775888,0.00646493726143432,0.0596283924902995
"alpha",0.0526640980236062,0.00129673297582351,-0.0199411624824309
"gamma",0.00129673297582351,0.0329015438904678,0.00896370334840271
"luce",-0.0199411624824309,0.00896370334840271,0.0814396975205826
"alpha",0.0451126313970416,8.5866876242432e-05,-0.01879069045847
"gamma",8.5866876242432e-05,0.0466686247132853,0.0109486781232373
"luce",-0.01879069045847,0.0109486781232373,0.0833925703822044
"alpha",0.057293375870342,0.0048425244816979,-0.0152272967225181
"gamma",0.0048425244816979,0.0161642480459586,0.00381853787733708
"luce",-0.0152272967225181,0.00381853787733708,0.0559303216427674
"alpha",0.0653597199969033,0.00429180504228176,-0.0172081080103441
"gamma",0.00429180504228176,0.0378660373629369,0.00659113217877749
"luce",-0.0172081080103441,0.00659113217877749,0.075683428562512
"alpha",0.0421634155792579,0.00265669704933472,-0.0145859423743724
"gamma",0.00265669704933472,0.0463693402995311,0.00922656678198277
"luce",-0.0145859423743724,0.00922656678198277,0.0697296551833048
"alpha",0.0662589708055873,0.00547592029401094,-0.0185998955298141
"gamma",0.00547592029401094,0.0462146870725993,0.00746909229577121
"luce",-0.0185998955298141,0.00746909229577121,0.0771629042896996
"alpha",0.0416735915019369,0.00173626376467675,-0.0126969439173818
"gamma",0.00173626376467675,0.00746166482173592,0.00153786464155373
"luce",-0.0126969439173818,0.00153786464155373,0.0500539886022274
"alpha",0.0655675033952872,0.00397102663477841,-0.0161048665965417
"gamma",0.00397102663477841,0.0451102522817151,0.00620927662249966
"luce",-0.0161048665965417,0.00620927662249966,0.0720437442933728
"alpha",0.0626270376688957,0.00581870584160313,-0.0193810009255733
"gamma",0.00581870584160313,0.0381481464461554,0.00541375541924814
"luce",-0.0193810009255733,0.00541375541924814,0.0782696779825703
"alpha",0.0587369467531713,-0.000453773818696636,-0.0191831869256095
"gamma",-0.000453773818696636,0.0422022004676371,0.00576220884748628
"luce",-0.0191831869256095,0.00576220884748628,0.0758607928048019
"alpha",0.0619972406341727,0.00322725281250921,-0.0198900466005147
"gamma",0.00322725281250921,0.045239266746107,0.0103368007414881
"luce",-0.0198900466005147,0.0103368007414881,0.0770564357374295
"alpha",0.0650819660620049,0.00162846215698707,-0.0119485353786304
"gamma",0.00162846215698707,0.0188834117556092,0.00406127014951551
"luce",-0.0119485353786304,0.00406127014951551,0.0772636967907233
"alpha",0.0496511627085237,0.00541403847739145,-0.0143509917595237
"gamma",0.00541403847739145,0.0459310131503646,0.00478122475305413
"luce",-0.0143509917595237,0.00478122475305413,0.0617749299100601
"alpha",0.0293153044130874,0.00163919790599859,-0.00421888343352063
"gamma",0.00163919790599859,0.00931426054223307,0.00246404064716918
"luce",-0.00421888343352063,0.00246404064716918,0.0337849214886532
"alpha",0.0374858166432164,0.0031709526229402,-0.0166032529407083
"gamma",0.0031709526229402,0.0495168595415694,0.00858733614536244
"luce",-0.0166032529407083,0.00858733614536244,0.0796596247675006
"alpha",0.059717061830681,0.00263989143378589,-0.0197450745847345
"gamma",0.00263989143378589,0.0491219630503882,0.00491052689650584
"luce",-0.0197450745847345,0.00491052689650584,0.0768328450307108
"alpha",0.053669268771317,0.0010688893374808,-0.0255877072871839
"gamma",0.0010688893374808,0.0240350296675829,0.00226192327969547
"luce",-0.0255877072871839,0.00226192327969547,0.0732007278914161
"alpha",0.0432180763335287,0.000639983835952561,-0.00213951233380354
"gamma",0.000639983835952561,0.0290429965301354,0.00280986010037652
"luce",-0.00213951233380354,0.00280986010037652,0.0645005692029994
"alpha",0.0490224492399137,0.00342996098741873,-0.0175665334717241
"gamma",0.00342996098741873,0.0473645031011804,0.0049001675036671
"luce",-0.0175665334717241,0.0049001675036671,0.0716280534617341
"alpha",0.0601949289020277,0.0058001373165188,-0.0173381609471757
"gamma",0.0058001373165188,0.023720765454304,0.00775800226382047
"luce",-0.0173381609471757,0.00775800226382047,0.0689009055380039
"alpha",0.0488826503278769,0.00318368633266304,-0.0170348365418319
"gamma",0.00318368633266304,0.031433797441489,0.00572110583378551
"luce",-0.0170348365418319,0.00572110583378551,0.0807684894895165
"alpha",0.063860552745303,0.00385109908080736,-0.00920487279649593
"gamma",0.00385109908080736,0.0381020491416889,0.00481268656701297
"luce",-0.00920487279649593,0.00481268656701297,0.0730829312742472
"alpha",0.0598491606403035,-0.00090866083019958,-0.0170388003224094
"gamma",-0.00090866083019958,0.0339248375042112,0.00485803867577842
"luce",-0.0170388003224094,0.00485803867577842,0.080066633648752
"alpha",0.0468505202902587,-0.00124346990617775,-0.0195135087367192
"gamma",-0.00124346990617775,0.030139739945133,0.00306239113256782
"luce",-0.0195135087367192,0.00306239113256782,0.0658089981080195
"alpha",0.0515948833221618,-0.000714051876750139,-0.020930638893298
"gamma",-0.000714051876750139,0.0261991067961268,0.000489741117506172
"luce",-0.020930638893298,0.000489741117506172,0.0617304353470969
"alpha",0.0524359566535403,0.00428867830208983,-0.0109453659946262
"gamma",0.00428867830208983,0.0176736224095788,0.00776261258157035
"luce",-0.0109453659946262,0.00776261258157035,0.0578237212595384
"alpha",0.0595247936495057,0.00144188639736488,-0.0134025184079746
"gamma",0.00144188639736488,0.0282919949372798,0.00538395950244876
"luce",-0.0134025184079746,0.00538395950244876,0.0738279295023257
"alpha",0.0625425608328917,0.00121712815147842,-0.0139985247842027
"gamma",0.00121712815147842,0.0282908564334622,0.00424549641923
"luce",-0.0139985247842027,0.00424549641923,0.080790506107309
"alpha",0.0526778951996613,0.00275295518679283,-0.0165116938193514
"gamma",0.00275295518679283,0.0544239345628746,0.00662080400014903
"luce",-0.0165116938193514,0.00662080400014903,0.0639957546410356
"alpha",0.0691357009956478,0.00180659206415772,-0.0246386881955834
"gamma",0.00180659206415772,0.0241543164996743,0.00556668529262684
"luce",-0.0246386881955834,0.00556668529262684,0.0686386237764977
"alpha",0.0586069216553864,-6.16820702325605e-05,-0.0262697033491911
"gamma",-6.16820702325605e-05,0.0106051218004375,0.00299658525830677
"luce",-0.0262697033491911,0.00299658525830677,0.0681670308509189
"alpha",0.0426845573054331,0.00239115296726896,-0.00412172770915062
"gamma",0.00239115296726896,0.0212560186896726,0.00314329797543431
"luce",-0.00412172770915062,0.00314329797543431,0.0641306445243391
"alpha",0.0689691897639787,0.00436204016732454,-0.0144162885068813
"gamma",0.00436204016732454,0.0395689203079938,0.00870847688384605
"luce",-0.0144162885068813,0.00870847688384605,0.07569289883389
"alpha",0.0398766250386619,0.0027278314819737,-0.0145632618635391
"gamma",0.0027278314819737,0.0462831584122699,0.00963425790899206
"luce",-0.0145632618635391,0.00963425790899206,0.0724140277921616
"alpha",0.0692395027026949,0.00454508950539388,-0.0162206262929448
"gamma",0.00454508950539388,0.0437559620592078,0.0053765460390666
"luce",-0.0162206262929448,0.0053765460390666,0.0714557972964475
"alpha",0.0499459559349914,0.00225813586132302,-0.0124432235232928
"gamma",0.00225813586132302,0.0121030463000275,0.0040322592999928
"luce",-0.0124432235232928,0.0040322592999928,0.0570024289976692
"alpha",0.0606544031196701,0.00292148165861219,-0.0143620564377634
"gamma",0.00292148165861219,0.0238756689330287,0.004099355327832
"luce",-0.0143620564377634,0.004099355327832,0.0784842539296336
"alpha",0.0610844961211618,0.0028856408840475,-0.0235755259999938
"gamma",0.0028856408840475,0.0400330174444945,0.006129322445342
"luce",-0.0235755259999938,0.006129322445342,0.0724370891636882
"alpha",0.0336929220806598,0.00198746482255357,-0.00184256180959849
"gamma",0.00198746482255357,0.0201884517081678,0.00388362052102907
"luce",-0.00184256180959849,0.00388362052102907,0.0594801839188011
"alpha",0.0421340632864664,0.00137802831453904,-0.0161840550269304
"gamma",0.00137802831453904,0.0568727332364877,0.0101451734470188
"luce",-0.0161840550269304,0.0101451734470188,0.0733026289192956
"alpha",0.0345507550146183,0.00178495705023865,-0.0022657060142841
"gamma",0.00178495705023865,0.0120376718712851,0.00347947267047496
"luce",-0.0022657060142841,0.00347947267047496,0.063127250761575
"alpha",0.0622181353985409,0.00056958254533869,-0.0279453769059779
"gamma",0.00056958254533869,0.0165499841239134,0.00429872344187678
"luce",-0.0279453769059779,0.00429872344187678,0.0732924588144423
"alpha",0.0640792960590633,0.00311509689809035,-0.0169858845418974
"gamma",0.00311509689809035,0.0421443180203784,0.00522499298469509
"luce",-0.0169858845418974,0.00522499298469509,0.0805193988205889
"alpha",0.0707244705110529,0.00367505049764327,-0.0149679262230834
"gamma",0.00367505049764327,0.0224408194461001,0.00322554197310233
"luce",-0.0149679262230834,0.00322554197310233,0.0587213985125313
"alpha",0.0437084526451754,0.0012975473806994,-0.0166759197846989
"gamma",0.0012975473806994,0.0258241664779967,0.00580781451194245
"luce",-0.0166759197846989,0.00580781451194245,0.0823027935574545
"alpha",0.0282167697847955,0.00421271621862524,0.00268000176834532
"gamma",0.00421271621862524,0.0295717493566566,0.00509223928382596
"luce",0.00268000176834532,0.00509223928382596,0.0425198925119714
"alpha",0.0432896039539486,0.00392509864919432,-0.0137160765111284
"gamma",0.00392509864919432,0.037914478211533,0.00441807536154149
"luce",-0.0137160765111284,0.00441807536154149,0.073122069000758
"alpha",0.05661397300106,0.00145331485551882,-0.0182193060580726
"gamma",0.00145331485551882,0.0387140528414562,0.00810086390004891
"luce",-0.0182193060580726,0.00810086390004891,0.0762882237609901
"alpha",0.0586801911506096,0.00363181263961809,-0.0202766004889409
"gamma",0.00363181263961809,0.0595487515937489,0.00901333610247313
"luce",-0.0202766004889409,0.00901333610247313,0.0678979959131191
"alpha",0.0676497004691842,0.00410776456293796,-0.0127729224691352
"gamma",0.00410776456293796,0.0375478339163235,0.00772776915893647
"luce",-0.0127729224691352,0.00772776915893647,0.0767889290985115
"alpha",0.0243168496204304,0.000597239670784201,-0.000162914819729291
"gamma",0.000597239670784201,0.016140012751134,0.00049031206633862
"luce",-0.000162914819729291,0.00049031206633862,0.045443898759673
"alpha",0.0361792177562621,0.000132049257114371,-0.0131607412658913
"gamma",0.000132049257114371,0.0615735514697372,0.00967911603719517
"luce",-0.0131607412658913,0.00967911603719517,0.0621355722475211
"alpha",0.0534803207164867,0.000727014406849251,-0.0171713284201395
"gamma",0.000727014406849251,0.0085914450322858,0.00162782417246352
"luce",-0.0171713284201395,0.00162782417246352,0.0501220787264959
"alpha",0.0587232182718853,0.00157302170826954,-0.0193724416025396
"gamma",0.00157302170826954,0.0099134980259404,0.00228111876560541
"luce",-0.0193724416025396,0.00228111876560541,0.066632826999699
"alpha",0.0643621174354091,0.00459835347747091,-0.0230367734328791
"gamma",0.00459835347747091,0.0462468208928234,0.00894941791265088
"luce",-0.0230367734328791,0.00894941791265088,0.0791610829545827
"alpha",0.0560647001518078,0.00312104773948128,-0.0146592856570705
"gamma",0.00312104773948128,0.0324082888020198,0.00539785487373828
"luce",-0.0146592856570705,0.00539785487373828,0.0720897434460983
"alpha",0.0464326924211676,-0.000235286175833817,-0.0173008994634089
"gamma",-0.000235286175833817,0.0478358584895298,0.0106006946589267
"luce",-0.0173008994634089,0.0106006946589267,0.0809419152100165
"alpha",0.0635570055220386,0.00197012796299782,-0.0230257048946666
"gamma",0.00197012796299782,0.0323144463462574,0.00504348715879704
"luce",-0.0230257048946666,0.00504348715879704,0.0765615535775212
"alpha",0.064436202639373,0.00595027060956154,-0.0200501508632977
"gamma",0.00595027060956154,0.051346292268311,0.00915618717551381
"luce",-0.0200501508632977,0.00915618717551381,0.076932257142089
"alpha",0.0544803007783759,-0.00183668337607419,-0.0173140926593947
"gamma",-0.00183668337607419,0.0476910835878986,0.00968337905987995
"luce",-0.0173140926593947,0.00968337905987995,0.0803978220998377
"alpha",0.0478505901828357,0.000469200322732166,-0.0203583895914649
"gamma",0.000469200322732166,0.034852988837398,0.00622680009281826
"luce",-0.0203583895914649,0.00622680009281826,0.0820056847659658
"alpha",0.046685930624327,0.00481008311457738,-0.00607922884157119
"gamma",0.00481008311457738,0.0222105160985826,0.00239388853280832
"luce",-0.00607922884157119,0.00239388853280832,0.0658929604877697
"alpha",0.0665490467663542,0.00519333867925928,-0.0132335549572301
"gamma",0.00519333867925928,0.0292137933701628,0.00673806930735846
"luce",-0.0132335549572301,0.00673806930735846,0.0713830515987092
"alpha",0.0438969186190254,0.00249609195065321,-0.0107678042485701
"gamma",0.00249609195065321,0.00958618015682526,0.00157104342223407
"luce",-0.0107678042485701,0.00157104342223407,0.0540127168119984
"alpha",0.0500701300541476,0.00270502705941333,-0.0174114656878415
"gamma",0.00270502705941333,0.0476746364452759,0.0114140304042079
"luce",-0.0174114656878415,0.0114140304042079,0.0796880225815226
"alpha",0.0373370994418157,0.00336746506162721,-0.00063645377152947
"gamma",0.00336746506162721,0.0136200627063711,0.00281443268356025
"luce",-0.00063645377152947,0.00281443268356025,0.0559823263268277
"alpha",0.0720265000614246,0.00437770893335347,-0.0180536707848897
"gamma",0.00437770893335347,0.0397438679077917,0.00663879579654715
"luce",-0.0180536707848897,0.00663879579654715,0.0665687824271239
"alpha",0.0659393494249751,0.00437974092124061,-0.0144602936676113
"gamma",0.00437974092124061,0.0305633904766002,0.00441256796507606
"luce",-0.0144602936676113,0.00441256796507606,0.0705804339508443
"alpha",0.043644044036134,-0.000576022734716727,-0.0208048139501798
"gamma",-0.000576022734716727,0.0325442463978361,0.00377674767862207
"luce",-0.0208048139501798,0.00377674767862207,0.0734675354274857
"alpha",0.0626981425572992,0.00308300865619495,-0.0129586540344597
"gamma",0.00308300865619495,0.0262553740790315,0.006067531856681
"luce",-0.0129586540344597,0.006067531856681,0.0700341702114862
"alpha",0.0653250022636917,0.00236367419225563,-0.022915087928557
"gamma",0.00236367419225563,0.0346499110707902,0.00570417612468907
"luce",-0.022915087928557,0.00570417612468907,0.0715742455257106
"alpha",0.059714430734273,0.00309420246301635,-0.0176855305447775
"gamma",0.00309420246301635,0.0317230700445255,0.00762675408713657
"luce",-0.0176855305447775,0.00762675408713657,0.0726412733797377
"alpha",0.0463090425744084,-0.000895197371227038,-0.0143797263691338
"gamma",-0.000895197371227038,0.00511348851545422,0.00112800558394165
"luce",-0.0143797263691338,0.00112800558394165,0.0505010258595397
"alpha",0.0618262317474084,0.00786266535171486,-0.0203310208734999
"gamma",0.00786266535171486,0.0462463374930134,0.00602405322173703
"luce",-0.0203310208734999,0.00602405322173703,0.0727563015976135
"alpha",0.0525176426215193,0.00218953825788127,-0.019342081514809
"gamma",0.00218953825788127,0.0485352975863204,0.00664646659824548
"luce",-0.019342081514809,0.00664646659824548,0.0830802527877329
"alpha",0.049028004296991,0.000115735058907755,-0.00414711711817728
"gamma",0.000115735058907755,0.0290047240900185,0.00478293516423131
"luce",-0.00414711711817728,0.00478293516423131,0.0586429195470845
"alpha",0.064304777457297,0.00149061674148247,-0.0106339372534126
"gamma",0.00149061674148247,0.0392835024789547,0.00709731649029094
"luce",-0.0106339372534126,0.00709731649029094,0.0741795931952876
"alpha",0.0612801672442085,0.00066357348633144,-0.0258877030303587
"gamma",0.00066357348633144,0.00856012697205374,0.00052699730187518
"luce",-0.0258877030303587,0.00052699730187518,0.069227130620675
"alpha",0.0518060299751514,-0.00114599103408802,-0.0189636369546271
"gamma",-0.00114599103408802,0.0493455506986352,0.00576490404829037
"luce",-0.0189636369546271,0.00576490404829037,0.0616472429926482
"alpha",0.0593891470435354,0.00110525421107373,-0.025671355147209
"gamma",0.00110525421107373,0.0108725005555214,0.00174607425316086
"luce",-0.025671355147209,0.00174607425316086,0.0675483840572071
"alpha",0.0646712469151629,0.000390088331209028,-0.022874991141184
"gamma",0.000390088331209028,0.0299903410065975,0.00638551652776388
"luce",-0.022874991141184,0.00638551652776388,0.0778422414568414
"alpha",0.0491220624145148,-0.000916572998210993,-0.0229389559679429
"gamma",-0.000916572998210993,0.0252520887561013,0.00266223735386821
"luce",-0.0229389559679429,0.00266223735386821,0.0759336631432719
"alpha",0.0550143139078855,0.00210831091247832,-0.0080479959777259
"gamma",0.00210831091247832,0.0209785445401634,0.00468616753939676
"luce",-0.0080479959777259,0.00468616753939676,0.0703452345650422
"alpha",0.044602991658127,0.000826549191059089,-0.01893799453763
"gamma",0.000826549191059089,0.056423933120401,0.00657683932770747
"luce",-0.01893799453763,0.00657683932770747,0.0664859741817481
"alpha",0.0665074003891016,0.00470888847642283,-0.0212433673807922
"gamma",0.00470888847642283,0.0241152683551412,0.00601446763426299
"luce",-0.0212433673807922,0.00601446763426299,0.0653311330986573
"alpha",0.0590237537836893,0.00219772194889206,-0.0198771690591597
"gamma",0.00219772194889206,0.0268714295908653,0.00843091055691352
"luce",-0.0198771690591597,0.00843091055691352,0.0701729871764732
"alpha",0.0624955294710824,0.00311945483736502,-0.0234187814447724
"gamma",0.00311945483736502,0.0131480984587109,0.00352627675725731
"luce",-0.0234187814447724,0.00352627675725731,0.0695421586220595
"alpha",0.0544903173701194,0.00187585901951441,-0.020331494860661
"gamma",0.00187585901951441,0.0292833894786151,0.00550696879169357
"luce",-0.020331494860661,0.00550696879169357,0.0812643452425066
"alpha",0.031650141666006,-0.000611545812876484,-0.00773910295865605
"gamma",-0.000611545812876484,0.0696549061620304,0.00472634200054112
"luce",-0.00773910295865605,0.00472634200054112,0.0401222582929182
"alpha",0.0669725096523804,0.000937507005063978,-0.0215895582648166
"gamma",0.000937507005063978,0.0344055526421606,0.00437059294982407
"luce",-0.0215895582648166,0.00437059294982407,0.0575855196637734
"alpha",0.0485098878544305,0.000883333213338293,-0.017099682593993
"gamma",0.000883333213338293,0.032471806650949,0.00518292007685515
"luce",-0.017099682593993,0.00518292007685515,0.0755021044270407
"alpha",0.0616058504327795,0.00262747916479532,-0.0180708707340621
"gamma",0.00262747916479532,0.04294563946651,0.00548810290727093
"luce",-0.0180708707340621,0.00548810290727093,0.0763991086546017
"alpha",0.0732593310336809,0.00660524318683592,-0.0167802580408616
"gamma",0.00660524318683592,0.0479281440897629,0.00789738067557223
"luce",-0.0167802580408616,0.00789738067557223,0.0698403379947054
"alpha",0.0620637420645543,0.00508585177877216,-0.0239231145627217
"gamma",0.00508585177877216,0.0176932257735377,0.00516936017595638
"luce",-0.0239231145627217,0.00516936017595638,0.0674934807855008
"alpha",0.0485554018875998,-0.000839001663183392,-0.0241705797587454
"gamma",-0.000839001663183392,0.0282258265246196,0.0014751718302864
"luce",-0.0241705797587454,0.0014751718302864,0.0685336492998202
"alpha",0.0623567799111188,0.00242996799795011,-0.0220722704108678
"gamma",0.00242996799795011,0.0196546639850426,0.00502039137457591
"luce",-0.0220722704108678,0.00502039137457591,0.0823635155678064
"alpha",0.0619145556026488,0.0016955478292707,-0.0202687446569583
"gamma",0.0016955478292707,0.0295677020768471,0.00449469689146329
"luce",-0.0202687446569583,0.00449469689146329,0.0793211439629663
"alpha",0.0323388662439599,0.00176016880068989,-0.0137408923439054
"gamma",0.00176016880068989,0.0514666598675352,0.00907083396897799
"luce",-0.0137408923439054,0.00907083396897799,0.0779161013561755
"alpha",0.0411234455297487,-0.00112969916479802,-0.0050241954830703
"gamma",-0.00112969916479802,0.0290478392440519,0.00534434831207749
"luce",-0.0050241954830703,0.00534434831207749,0.0531731158178063
"alpha",0.0609357352451774,1.13323604206149e-05,-0.0207766671332011
"gamma",1.13323604206149e-05,0.00755822302550073,0.000962322645014797
"luce",-0.0207766671332011,0.000962322645014797,0.0604882737369477
"alpha",0.0579953093571411,0.00379114611851755,-0.00923895074468137
"gamma",0.00379114611851755,0.0161454384242587,0.00304668104927325
"luce",-0.00923895074468137,0.00304668104927325,0.070508001575866
"alpha",0.0643222428297026,0.00333499448800867,-0.0189656417448249
"gamma",0.00333499448800867,0.0252174600542621,0.00424738173004076
"luce",-0.0189656417448249,0.00424738173004076,0.0782708590947712
"alpha",0.0652047117431136,0.00315566382403945,-0.0264146089068918
"gamma",0.00315566382403945,0.0254120265058657,0.00611698438774397
"luce",-0.0264146089068918,0.00611698438774397,0.0725011821104082
"alpha",0.0477860732760575,0.000934168263199738,-0.0174249645168787
"gamma",0.000934168263199738,0.057759953446663,0.00870099432316837
"luce",-0.0174249645168787,0.00870099432316837,0.0626556635952113
"alpha",0.0354831021294936,0.000274825474681559,-0.00343788922788707
"gamma",0.000274825474681559,0.0251967696761975,0.00458376849182374
"luce",-0.00343788922788707,0.00458376849182374,0.0595043225071942
"alpha",0.0544207610632627,-0.00147216228263653,-0.0199664243407708
"gamma",-0.00147216228263653,0.0232415780840791,-0.000466398013931404
"luce",-0.0199664243407708,-0.000466398013931404,0.0507478096381716
"alpha",0.0657299942373062,-0.00013551155090142,-0.0339502424897579
"gamma",-0.00013551155090142,0.0106266547672926,0.00113537337611453
"luce",-0.0339502424897579,0.00113537337611453,0.0726957720644704
"alpha",0.0581244908610345,-0.000300328094692345,-0.0222204198858013
"gamma",-0.000300328094692345,0.00459544755525869,0.000166901683262121
"luce",-0.0222204198858013,0.000166901683262121,0.0588927626606483
"alpha",0.0365497929389622,0.00207924965295687,-0.00180215255408599
"gamma",0.00207924965295687,0.0168832761044418,0.00621638976963619
"luce",-0.00180215255408599,0.00621638976963619,0.0463128176263643
"alpha",0.0575521093292863,-0.000666933357064809,-0.0305397951060631
"gamma",-0.000666933357064809,0.01848270497003,0.000683385104406759
"luce",-0.0305397951060631,0.000683385104406759,0.0742806068641623
"alpha",0.0663444977368951,0.00387545816725218,-0.0207737864723298
"gamma",0.00387545816725218,0.0459090807681194,0.00855638123466858
"luce",-0.0207737864723298,0.00855638123466858,0.0747479873009938
"alpha",0.0668840064367983,0.000897755478566913,-0.016316660298773
"gamma",0.000897755478566913,0.0257929544216255,0.00624125945860179
"luce",-0.016316660298773,0.00624125945860179,0.0726269795870314
"alpha",0.0612506656369657,0.00365409413788062,-0.0188858942339667
"gamma",0.00365409413788062,0.0235131502510584,0.004355506930498
"luce",-0.0188858942339667,0.004355506930498,0.0746699331704611
"alpha",0.0557518873935541,0.00171996771961861,-0.00955978269177264
"gamma",0.00171996771961861,0.0298050991613395,0.00395307966492593
"luce",-0.00955978269177264,0.00395307966492593,0.0713397754562286
"alpha",0.0635771135993,0.0038270197952789,-0.0171550729750186
"gamma",0.0038270197952789,0.0341298238116647,0.00515043368652929
"luce",-0.0171550729750186,0.00515043368652929,0.0810170400613154
"alpha",0.0260320010386057,0.00248521802048538,-0.00101852584717232
"gamma",0.00248521802048538,0.0139471490591638,0.00648483707649116
"luce",-0.00101852584717232,0.00648483707649116,0.0398446828161688
"alpha",0.0504302954486841,0.00165183230293432,-0.0171982291791567
"gamma",0.00165183230293432,0.0104112618182715,0.00086702039670411
"luce",-0.0171982291791567,0.00086702039670411,0.0573776156070207
"alpha",0.0666871271739708,0.00259315751747742,-0.0266629263749493
"gamma",0.00259315751747742,0.0389562144182273,0.00794426590384564
"luce",-0.0266629263749493,0.00794426590384564,0.0740991142747952
"alpha",0.0545201702141125,0.0027026875717724,-0.00750967530581118
"gamma",0.0027026875717724,0.0341294635673141,0.00678103523446376
"luce",-0.00750967530581118,0.00678103523446376,0.0634990166061154
"alpha",0.0662836017497467,0.00187495664722031,-0.0235917644103317
"gamma",0.00187495664722031,0.0352130378576391,0.00764104503880464
"luce",-0.0235917644103317,0.00764104503880464,0.0753782443232538
"alpha",0.0334652437543808,-0.00235017844217941,-0.00216702013129716
"gamma",-0.00235017844217941,0.022485998153783,0.00337356827869245
"luce",-0.00216702013129716,0.00337356827869245,0.0461363769845863
"alpha",0.0668113518581262,0.0039345923071417,-0.0159190569890267
"gamma",0.0039345923071417,0.0208485633958055,0.00544466349217803
"luce",-0.0159190569890267,0.00544466349217803,0.0757757807099745
"alpha",0.0527796627827231,-7.96728791157735e-05,-0.00748519240415921
"gamma",-7.96728791157735e-05,0.0252096222009773,0.00286860783065328
"luce",-0.00748519240415921,0.00286860783065328,0.0602225771582793
"alpha",0.0568504710042529,3.44708394433532e-05,-0.00905988987322652
"gamma",3.44708394433532e-05,0.0264572661216237,0.00469528241096455
"luce",-0.00905988987322652,0.00469528241096455,0.0701282655326916
"alpha",0.046519811732887,0.00111303243483762,-0.0186088711989985
"gamma",0.00111303243483762,0.0545428539120617,0.00945546298595961
"luce",-0.0186088711989985,0.00945546298595961,0.0733141815465679
"alpha",0.0371740901652232,0.00344634735517319,-0.00691810977859761
"gamma",0.00344634735517319,0.0601079112464763,0.00269813837038376
"luce",-0.00691810977859761,0.00269813837038376,0.0305450663232593
"alpha",0.0645930352517767,0.00535804963828749,-0.0141114827881939
"gamma",0.00535804963828749,0.0284671947647607,0.00615911108236777
"luce",-0.0141114827881939,0.00615911108236777,0.073060297558622
"alpha",0.0698119232246313,0.00352674229533596,-0.0172684241475564
"gamma",0.00352674229533596,0.0356089932892199,0.00496543424562317
"luce",-0.0172684241475564,0.00496543424562317,0.0816567762177991
"alpha",0.0604512090419226,0.00289647140553644,-0.0163779353053875
"gamma",0.00289647140553644,0.0302003463524956,0.00276419403610478
"luce",-0.0163779353053875,0.00276419403610478,0.0776444438145975
"alpha",0.0499070246843527,0.00252651166643851,-0.0163314946654983
"gamma",0.00252651166643851,0.0280762326259222,0.00428398089519807
"luce",-0.0163314946654983,0.00428398089519807,0.0716162877908208
"alpha",0.0556906893033651,0.00605226821799727,-0.00906432749350967
"gamma",0.00605226821799727,0.0351277219891117,0.00844596576365919
"luce",-0.00906432749350967,0.00844596576365919,0.0685793898490079
"alpha",0.0657838254328042,0.00261714440867003,-0.021760648684748
"gamma",0.00261714440867003,0.0358260042134701,0.00572593723815894
"luce",-0.021760648684748,0.00572593723815894,0.0729513458135217
"alpha",0.0635987470327066,0.00556896278590562,-0.0201351263429488
"gamma",0.00556896278590562,0.0238198410981784,0.00811635028474818
"luce",-0.0201351263429488,0.00811635028474818,0.0701269596095289
"alpha",0.065032480143316,0.000589790517086555,-0.0276651815946016
"gamma",0.000589790517086555,0.0164927026150779,0.00471584077778807
"luce",-0.0276651815946016,0.00471584077778807,0.0724028392226373
"alpha",0.0545829058682071,0.00257655472896381,-0.015244353175717
"gamma",0.00257655472896381,0.0417478321226449,0.00647806496361081
"luce",-0.015244353175717,0.00647806496361081,0.0662133935416994
"alpha",0.0655547952011534,0.00582305868757791,-0.020708340724908
"gamma",0.00582305868757791,0.0518609994024364,0.0089265932152188
"luce",-0.020708340724908,0.0089265932152188,0.0726912653807643
"alpha",0.0717015609043756,0.00524008839000069,-0.0149522945173114
"gamma",0.00524008839000069,0.0385976161219888,0.00554780127834571
"luce",-0.0149522945173114,0.00554780127834571,0.0732403810504174
"alpha",0.074870459508285,0.00760506009405823,-0.0133206865440438
"gamma",0.00760506009405823,0.0421961253628904,0.00493985830437233
"luce",-0.0133206865440438,0.00493985830437233,0.058906375576632
"alpha",0.0570423361369896,-0.000502408556265421,-0.0112766619306392
"gamma",-0.000502408556265421,0.0301284922866731,0.00474326975339306
"luce",-0.0112766619306392,0.00474326975339306,0.0673857985888016
"alpha",0.0611424298207451,0.00407586062535726,-0.0188096295843907
"gamma",0.00407586062535726,0.050946781089606,0.0117027580472269
"luce",-0.0188096295843907,0.0117027580472269,0.0720993275966944
"alpha",0.069248456320817,0.00635082581953769,-0.0104329334227382
"gamma",0.00635082581953769,0.0378719302394226,0.00393052269202976
"luce",-0.0104329334227382,0.00393052269202976,0.0470671267782307
"alpha",0.056044349559887,0.00029716636915116,-0.0219324302412296
"gamma",0.00029716636915116,0.0542220608650308,0.0116775847828971
"luce",-0.0219324302412296,0.0116775847828971,0.0770971060452368
"alpha",0.0584584661436741,0.00329229605828206,-0.019978260687608
"gamma",0.00329229605828206,0.0367225184548192,0.00578420674435004
"luce",-0.019978260687608,0.00578420674435004,0.0774004554314832
"alpha",0.0397338678531612,0.00122915806703357,-0.0108687812773202
"gamma",0.00122915806703357,0.0584837497454725,0.00425156736378003
"luce",-0.0108687812773202,0.00425156736378003,0.042338297135649
"alpha",0.0638455690783417,0.00498907522324575,-0.020821758152137
"gamma",0.00498907522324575,0.0168337438917294,0.00507586191395293
"luce",-0.020821758152137,0.00507586191395293,0.0653922553264904
"alpha",0.0319867704953526,0.00117442047424117,-0.0114621607376931
"gamma",0.00117442047424117,0.0612426639410903,0.00642327118689723
"luce",-0.0114621607376931,0.00642327118689723,0.0488815128701568
"alpha",0.0707731688000285,0.0057428077317565,-0.0172910841362893
"gamma",0.0057428077317565,0.029304350060109,0.00573700440833672
"luce",-0.0172910841362893,0.00573700440833672,0.0732840739185013
"alpha",0.040572538515697,0.00216898508320883,-0.00364836148437337
"gamma",0.00216898508320883,0.0239906453686869,0.00230736897043159
"luce",-0.00364836148437337,0.00230736897043159,0.0626756636386127
"alpha",0.064941974076253,0.00443397596301042,-0.0130817965623001
"gamma",0.00443397596301042,0.0169860677760002,0.00489394875388412
"luce",-0.0130817965623001,0.00489394875388412,0.0729204379021731
"alpha",0.034864649513019,0.000553940711020426,-0.00100175450994273
"gamma",0.000553940711020426,0.0244234600775409,0.00189613601642506
"luce",-0.00100175450994273,0.00189613601642506,0.0448975639979938
"alpha",0.0553499826063444,0.00195204831909794,-0.0163823265293528
"gamma",0.00195204831909794,0.0120498834198399,0.00441491917470668
"luce",-0.0163823265293528,0.00441491917470668,0.0591151561314104
"alpha",0.056482948483198,4.65396238351437e-05,-0.0159664256031076
"gamma",4.65396238351437e-05,0.0299091927871552,0.00409989065758582
"luce",-0.0159664256031076,0.00409989065758582,0.0746127325780951
"alpha",0.0530527944103459,0.00102475462687326,-0.0163209010242515
"gamma",0.00102475462687326,0.0418277292543366,0.00805005891764303
"luce",-0.0163209010242515,0.00805005891764303,0.0771384112797216
"alpha",0.0304439652442332,0.00295597928918771,-0.00319808713281199
"gamma",0.00295597928918771,0.0112116341673095,0.00371587450230536
"luce",-0.00319808713281199,0.00371587450230536,0.0397798864840001
"alpha",0.0592923640157073,0.00557915781054923,-0.0193141094518946
"gamma",0.00557915781054923,0.0247181754213111,0.00703891005445246
"luce",-0.0193141094518946,0.00703891005445246,0.0726162601867284
"alpha",0.0656597925922492,0.00136843539638235,-0.0132391365639134
"gamma",0.00136843539638235,0.0437866103634096,0.0122844788538486
"luce",-0.0132391365639134,0.0122844788538486,0.0760473584558289
"alpha",0.0549210780203461,0.00251295392906197,-0.00888288006233036
"gamma",0.00251295392906197,0.0227781286577073,0.00426781035451684
"luce",-0.00888288006233036,0.00426781035451684,0.0767764868015929
"alpha",0.0547215589368553,-0.00117505805796679,-0.00548696707050563
"gamma",-0.00117505805796679,0.0325075327371944,0.00927621016108244
"luce",-0.00548696707050563,0.00927621016108244,0.0671400409741869
"alpha",0.0687520962497326,0.000425786708762418,-0.0186180045254008
"gamma",0.000425786708762418,0.0291257892766362,0.00152510905744401
"luce",-0.0186180045254008,0.00152510905744401,0.074236306342081
"alpha",0.0541446365439306,0.000320543277516279,-0.0200792468574916
"gamma",0.000320543277516279,0.0560860150757887,0.0107576917547297
"luce",-0.0200792468574916,0.0107576917547297,0.0759383720268543
"alpha",0.0471514947560223,0.00363257316108,-0.00473929135793495
"gamma",0.00363257316108,0.0260703125839659,0.00577723654780642
"luce",-0.00473929135793495,0.00577723654780642,0.0653324239074267
"alpha",0.0504221685628195,-0.000227659193660666,-0.00656904123326494
"gamma",-0.000227659193660666,0.0275508157750622,0.00492125983757792
"luce",-0.00656904123326494,0.00492125983757792,0.0681748265543175
"alpha",0.0605770451370546,0.0046521918755068,-0.0175745148341899
"gamma",0.0046521918755068,0.0496572631416246,0.00664051855221207
"luce",-0.0175745148341899,0.00664051855221207,0.0697262635646031
"alpha",0.0543253290207792,-5.02886696689961e-05,-0.0110086218652358
"gamma",-5.02886696689961e-05,0.0277376476885188,0.00677987302937358
"luce",-0.0110086218652358,0.00677987302937358,0.0727603021720503
"alpha",0.0582790867372479,0.00240531794807634,-0.0176924380708894
