"","beta","delta","lambdaluce"
"",0,0,0
"beta",0.00356850582124685,-0.00028359748752682,-0.0156934306604152
"delta",-0.00028359748752682,0.00127228245536717,0.000534558560891645
"lambdaluce",-0.0156934306604152,0.000534558560891645,0.452054172671823
"beta",0.00880848190274048,-0.000976837803047066,-0.108836376452182
"delta",-0.000976837803047066,0.00362930113276865,0.00880654696664839
"lambdaluce",-0.108836376452182,0.00880654696664839,1.79136741880606
"beta",0.000960567218168359,-3.18718485001106e-05,0.000829364069741654
"delta",-3.18718485001106e-05,0.00165669842836159,-0.00171769448213338
"lambdaluce",0.000829364069741654,-0.00171769448213338,1.71007527463482
"beta",0.0732287647883614,-0.0333307851791031,0.0667814481209927
"delta",-0.0333307851791031,0.0543264921356301,-0.10279717150511
"lambdaluce",0.0667814481209927,-0.10279717150511,1.98768472527776
"beta",0.00829493565664194,-0.00131896435495001,-0.109228294730202
"delta",-0.00131896435495001,0.00438073076674541,0.0147314882038108
"lambdaluce",-0.109228294730202,0.0147314882038108,1.85892265150732
"beta",0.0477649889277341,-0.0290097143869673,-0.0999456108500316
"delta",-0.0290097143869673,0.0563663882334119,0.0124174484538047
"lambdaluce",-0.0999456108500316,0.0124174484538047,1.70687459989865
"beta",0.0753721251518699,-0.0332795584428016,-0.00212257704071475
"delta",-0.0332795584428016,0.0434023964101143,-0.0748393175641681
"lambdaluce",-0.00212257704071475,-0.0748393175641681,1.54576869953163
"beta",0.075886261832814,-0.0244609396846533,0.0444049110660769
"delta",-0.0244609396846533,0.0400807686941952,-0.0984225397612521
"lambdaluce",0.0444049110660769,-0.0984225397612521,2.0534083872526
"beta",0.014169998395023,-0.00203676811339973,-0.101306806814341
"delta",-0.00203676811339973,0.026189178337614,0.0157782613520759
"lambdaluce",-0.101306806814341,0.0157782613520759,1.65559037918529
"beta",0.0832474084070111,-0.0246412839597642,0.021922428101504
"delta",-0.0246412839597642,0.0294253893170311,-0.0668508762740025
"lambdaluce",0.021922428101504,-0.0668508762740025,1.92861945562387
"beta",0.0227400443027157,-0.00945713557927271,-0.0939797126966121
"delta",-0.00945713557927271,0.0128324134534403,-0.0149032693577792
"lambdaluce",-0.0939797126966121,-0.0149032693577792,1.62433575233111
"beta",0.0124929011764637,-0.00517266319671959,-0.0773769949437357
"delta",-0.00517266319671959,0.00465368589018444,-0.00559020208189974
"lambdaluce",-0.0773769949437357,-0.00559020208189974,1.8223196953744
"beta",0.00726988274230141,-0.00254026109956423,-0.102725843687627
"delta",-0.00254026109956423,0.00385070414426762,0.0292392542954373
"lambdaluce",-0.102725843687627,0.0292392542954373,2.07465715968967
"beta",0.0467945876503088,-0.0215032681146142,-0.0289211529445625
"delta",-0.0215032681146142,0.0322196550215839,-0.0635809730699393
"lambdaluce",-0.0289211529445625,-0.0635809730699393,2.04615672475295
"beta",0.00519144964443619,-0.0012184133865912,-0.0607306726585767
"delta",-0.0012184133865912,0.00384478191449264,-0.00155779877128314
"lambdaluce",-0.0607306726585767,-0.00155779877128314,1.8757776422913
"beta",0.0554003211831257,-0.0364808756162106,0.00860036430552228
"delta",-0.0364808756162106,0.0880771196536723,-0.089396335652607
"lambdaluce",0.00860036430552228,-0.089396335652607,1.64818537921814
"beta",0.00772867441848236,-0.00090543873692737,-0.103924912846796
"delta",-0.00090543873692737,0.00409589067200111,0.00988681109994298
"lambdaluce",-0.103924912846796,0.00988681109994298,2.04507007649021
"beta",0.00223681597860209,-0.00052455624672037,-0.00442009933568213
"delta",-0.00052455624672037,0.00198531086037812,-0.00534720173604948
"lambdaluce",-0.00442009933568213,-0.00534720173604948,0.335682171163678
"beta",0.0100822404742454,-0.00310887451141765,-0.0771476545772192
"delta",-0.00310887451141765,0.0165499892712813,0.0126279013064409
"lambdaluce",-0.0771476545772192,0.0126279013064409,0.895926523904235
"beta",0.0445585247715909,-0.0187524913601896,-0.121397227456274
"delta",-0.0187524913601896,0.0168098630303947,0.00964483734803357
"lambdaluce",-0.121397227456274,0.00964483734803357,2.09575452120585
"beta",0.00341963917467628,-0.000832454863954692,-0.0103050509475079
"delta",-0.000832454863954692,0.000704791692357226,-0.000990099221236598
"lambdaluce",-0.0103050509475079,-0.000990099221236598,0.447794452236942
"beta",0.00887163770136335,-0.00367677825622845,-0.0991812798212744
"delta",-0.00367677825622845,0.00938862267778217,0.0252341901460831
"lambdaluce",-0.0991812798212744,0.0252341901460831,1.93961704460693
"beta",0.0120272387162296,-0.00447636976213921,-0.0708924802552522
"delta",-0.00447636976213921,0.00273677786006836,0.0233875796357411
"lambdaluce",-0.0708924802552522,0.0233875796357411,0.65518334180449
"beta",0.0681894001675966,-0.0193351920970504,0.00184511745642677
"delta",-0.0193351920970504,0.0201571939464324,-0.0555343999436592
"lambdaluce",0.00184511745642677,-0.0555343999436592,2.0913936450651
"beta",0.00400841291126278,-0.00153953362022484,-0.0112830592623373
"delta",-0.00153953362022484,0.00157590787456615,-0.0118381523619314
"lambdaluce",-0.0112830592623373,-0.0118381523619314,0.986342650507656
"beta",0.0715856737866945,-0.0406847080090237,0.0789847377565064
"delta",-0.0406847080090237,0.0790696000738116,-0.151347662264877
"lambdaluce",0.0789847377565064,-0.151347662264877,1.9286142788366
"beta",0.00291389263525611,-0.00100458699653502,-0.0242242333379338
"delta",-0.00100458699653502,0.000662433971769308,0.00419453395215173
"lambdaluce",-0.0242242333379338,0.00419453395215173,1.43789283571379
"beta",0.0744229938120971,-0.0275424472794081,-0.0248204402690865
"delta",-0.0275424472794081,0.0251657681524099,-0.037113887735471
"lambdaluce",-0.0248204402690865,-0.037113887735471,1.98765889512585
"beta",0.0537263027408074,-0.0243803998319018,-0.0343678132317618
"delta",-0.0243803998319018,0.032806876211962,-0.0473260931772513
"lambdaluce",-0.0343678132317618,-0.0473260931772513,1.79748748202258
"beta",0.00623102947515673,-0.00232682471300607,-0.0363470114114856
"delta",-0.00232682471300607,0.00160583292638175,0.00557425394070648
"lambdaluce",-0.0363470114114856,0.00557425394070648,1.31260475754629
"beta",0.00814103879443063,-0.00326168998481449,-0.0788390663538537
"delta",-0.00326168998481449,0.0187507058165647,0.0237782015877991
"lambdaluce",-0.0788390663538537,0.0237782015877991,2.06505020138594
"beta",0.00839102566936368,-0.00348962770230048,-0.0670605249309624
"delta",-0.00348962770230048,0.00277368889507616,0.0197143469185841
"lambdaluce",-0.0670605249309624,0.0197143469185841,1.16996081818381
"beta",0.00620172650566087,-0.00107448500726329,-0.0556525574174409
"delta",-0.00107448500726329,0.00260182254566912,0.0136889787956691
"lambdaluce",-0.0556525574174409,0.0136889787956691,1.72450835858654
"beta",0.024214338333178,-0.00883273176596994,-0.0976636017516963
"delta",-0.00883273176596994,0.00556666604485675,-0.00211312938739155
"lambdaluce",-0.0976636017516963,-0.00211312938739155,1.99297624098937
"beta",0.00787931172264022,-0.00211669371324729,-0.0703373496347472
"delta",-0.00211669371324729,0.00391718930824668,0.0182988346073772
"lambdaluce",-0.0703373496347472,0.0182988346073772,1.21779898251612
"beta",0.0768868618434071,-0.0313375993258444,0.0665588566949668
"delta",-0.0313375993258444,0.0583831353977895,-0.129557003959444
"lambdaluce",0.0665588566949668,-0.129557003959444,2.04565368348107
"beta",0.0605933469481527,-0.0281289155944951,0.0131001564457026
"delta",-0.0281289155944951,0.0556379748508646,-0.121621828829047
"lambdaluce",0.0131001564457026,-0.121621828829047,1.68025015370224
"beta",0.00762640066061549,-0.00254178266779401,-0.0519830356737843
"delta",-0.00254178266779401,0.00382081943645817,0.0104571713899384
"lambdaluce",-0.0519830356737843,0.0104571713899384,0.967364869996343
"beta",0.0332835205521892,-0.0164229211298684,-0.0628277636076644
"delta",-0.0164229211298684,0.0325872585778081,-0.0414163933346489
"lambdaluce",-0.0628277636076644,-0.0414163933346489,1.88315369271407
"beta",0.00674148057865522,-0.00179487197283462,-0.0807243536064135
"delta",-0.00179487197283462,0.00392340541051505,0.00722988734386073
"lambdaluce",-0.0807243536064135,0.00722988734386073,1.8825593869447
"beta",0.0113503026149478,-0.00163503671585207,-0.0831525872018047
"delta",-0.00163503671585207,0.00377506897467021,0.0102252566445319
"lambdaluce",-0.0831525872018047,0.0102252566445319,0.859977233181818
"beta",0.0606784622194876,-0.0217688286799138,-0.06999761450682
"delta",-0.0217688286799138,0.0177469632647305,-0.019452290746456
"lambdaluce",-0.06999761450682,-0.019452290746456,1.82923472576802
"beta",0.00868352067792346,-0.00280054058915719,-0.0966404785779119
"delta",-0.00280054058915719,0.0209664014352339,0.0323871961997951
"lambdaluce",-0.0966404785779119,0.0323871961997951,1.75834835036354
"beta",0.0139930676035753,-0.00545924927272846,-0.121448355493871
"delta",-0.00545924927272846,0.0156649435025938,0.0282164628112706
"lambdaluce",-0.121448355493871,0.0282164628112706,1.91292875000241
"beta",0.0250872976489955,-0.00660765970413618,-0.0367475966172555
"delta",-0.00660765970413618,0.00345504055582353,-0.0312594897357226
"lambdaluce",-0.0367475966172555,-0.0312594897357226,1.8892661886549
"beta",0.00749693423174011,-0.00317154794922907,-0.101972759618844
"delta",-0.00317154794922907,0.0121245338191124,0.037987578380564
"lambdaluce",-0.101972759618844,0.037987578380564,2.00995920974255
"beta",0.00713414079714156,-0.00277201062250349,-0.0209306908083929
"delta",-0.00277201062250349,0.00210093660254357,-0.0111209182807978
"lambdaluce",-0.0209306908083929,-0.0111209182807978,1.39207132400613
"beta",0.00767365731060294,-0.00265823888016358,-0.0923830265092789
"delta",-0.00265823888016358,0.0150435713585322,0.0351589534208563
"lambdaluce",-0.0923830265092789,0.0351589534208563,1.82692488914038
"beta",0.00359005019835267,-0.00141951441357475,-0.0214061134822735
"delta",-0.00141951441357475,0.00120831474750134,0.00053783361565519
"lambdaluce",-0.0214061134822735,0.00053783361565519,1.40803666183605
"beta",0.00343221628515914,-0.000477166278947537,-0.0245452041457849
"delta",-0.000477166278947537,0.0005093263341046,-7.05778678432227e-05
"lambdaluce",-0.0245452041457849,-7.05778678432227e-05,1.2321033101839
"beta",0.0151402608121963,-0.00969207602664078,-0.10008532124958
"delta",-0.00969207602664078,0.0333570534468787,0.041170455017456
"lambdaluce",-0.10008532124958,0.041170455017456,1.94823400101668
"beta",0.0642895309123629,-0.0323949216886047,0.0138546223441471
"delta",-0.0323949216886047,0.0544737055932313,-0.0765627441981154
"lambdaluce",0.0138546223441471,-0.0765627441981154,1.90767244202154
"beta",0.0063904785991548,-0.00140674543357403,-0.0737580140847083
"delta",-0.00140674543357403,0.000789157429261226,0.0133650208648207
"lambdaluce",-0.0737580140847083,0.0133650208648207,1.60446812147063
"beta",0.0526205678291789,-0.0382673892695635,0.00345544873926125
"delta",-0.0382673892695635,0.0881529222740993,-0.062761334271846
"lambdaluce",0.00345544873926125,-0.062761334271846,1.60161032468647
"beta",0.0498271792490962,-0.0171571770134365,-0.0258494373809202
"delta",-0.0171571770134365,0.0134569179593969,-0.0474641486061955
"lambdaluce",-0.0258494373809202,-0.0474641486061955,1.66183402661303
"beta",0.0837663008308791,-0.0237269041326957,0.0339117440327907
"delta",-0.0237269041326957,0.0271615328003394,-0.0741865034740741
"lambdaluce",0.0339117440327907,-0.0741865034740741,2.08191002048484
"beta",0.0155546619994137,-0.0053748566434937,-0.0764174117155959
"delta",-0.0053748566434937,0.00361035902742678,-0.00752449741911894
"lambdaluce",-0.0764174117155959,-0.00752449741911894,1.85079983478405
"beta",0.00738358946876513,-0.00143152083849765,-0.0968148318291752
"delta",-0.00143152083849765,0.0149751747987487,0.0182918852373493
"lambdaluce",-0.0968148318291752,0.0182918852373493,1.84068271203965
"beta",0.00997074852309885,-0.00312134454398296,-0.0581600598027267
"delta",-0.00312134454398296,0.00193991923276793,0.0160282919324875
"lambdaluce",-0.0581600598027267,0.0160282919324875,0.511615348669194
"beta",0.00620685315549966,-0.00139933294173964,-0.0506537747303514
"delta",-0.00139933294173964,0.00301171725030884,0.0153644370498769
"lambdaluce",-0.0506537747303514,0.0153644370498769,1.28848616087121
"beta",0.0103951618851924,-0.00168410874288258,-0.0988831458727427
"delta",-0.00168410874288258,0.00373459402544236,0.0138610619478489
"lambdaluce",-0.0988831458727427,0.0138610619478489,1.4401323973527
"beta",0.00570419337668468,-0.00200814492353412,-0.0367918411872412
"delta",-0.00200814492353412,0.00211709986006841,0.00598189514478198
"lambdaluce",-0.0367918411872412,0.00598189514478198,1.39007037619525
"beta",0.00796742068623417,-0.00279804560055535,-0.027023577827304
"delta",-0.00279804560055535,0.00208570473004538,-0.0178392983663964
"lambdaluce",-0.027023577827304,-0.0178392983663964,1.53170090885047
"beta",0.00785764863123391,-0.00192258448336477,-0.0910044735851065
"delta",-0.00192258448336477,0.00126369511989301,0.0172266880679267
"lambdaluce",-0.0910044735851065,0.0172266880679267,1.8378794478157
"beta",0.0142129864666406,-0.00771006689018653,-0.113837124463754
"delta",-0.00771006689018653,0.0124778682270023,0.0377373071286718
"lambdaluce",-0.113837124463754,0.0377373071286718,1.74370904740511
"beta",0.0360968321431071,-0.0219557906225111,-0.0374798698707826
"delta",-0.0219557906225111,0.0759042994009919,-0.0648408264807232
"lambdaluce",-0.0374798698707826,-0.0648408264807232,1.25260663025288
"beta",0.0510938769129876,-0.0206208756357705,-0.0109884227620119
"delta",-0.0206208756357705,0.0254963007862693,-0.055266284458148
"lambdaluce",-0.0109884227620119,-0.055266284458148,1.96940926219592
"beta",0.00527032075402129,-0.000826913702098555,-0.0860291737666965
"delta",-0.000826913702098555,0.00433525467891115,0.00891271844618937
"lambdaluce",-0.0860291737666965,0.00891271844618937,2.06208838207641
"beta",0.0110163349393852,-0.00422039921896862,-0.120865493733504
"delta",-0.00422039921896862,0.0102510807272699,0.042450625926009
"lambdaluce",-0.120865493733504,0.042450625926009,1.86180760787277
"beta",0.0063393335998855,-0.00171187228086139,-0.0555725650853768
"delta",-0.00171187228086139,0.00383981122508655,0.000691646940389936
"lambdaluce",-0.0555725650853768,0.000691646940389936,1.81917475687588
"beta",0.0259152872992829,-0.00760798796242759,-0.0608675646047143
"delta",-0.00760798796242759,0.0531620452519188,-0.078817948130012
"lambdaluce",-0.0608675646047143,-0.078817948130012,0.998662748818263
"beta",0.0637735282753906,-0.0319798700401795,0.0190209011448201
"delta",-0.0319798700401795,0.0527855515057594,-0.0666771098642451
"lambdaluce",0.0190209011448201,-0.0666771098642451,1.9215112587991
"beta",0.0404341163393798,-0.0170183710592793,-0.100590548340722
"delta",-0.0170183710592793,0.0214115659179556,-0.0212601096043071
"lambdaluce",-0.100590548340722,-0.0212601096043071,2.00056207826932
"beta",0.0160549611016917,-0.011219516086066,-0.0661767586798978
"delta",-0.011219516086066,0.0602103484712997,0.0413521462368921
"lambdaluce",-0.0661767586798978,0.0413521462368921,1.89819628825654
"beta",0.0818343459241592,-0.0382382228401095,0.0631929365542473
"delta",-0.0382382228401095,0.0720695923622492,-0.119509089780662
"lambdaluce",0.0631929365542473,-0.119509089780662,1.99642001862243
"beta",0.0251656774182816,-0.0126328373886417,-0.133819727313674
"delta",-0.0126328373886417,0.0206950620616889,0.0328186419174835
"lambdaluce",-0.133819727313674,0.0328186419174835,1.77464494090349
"beta",0.0447976748246569,-0.0145115606303689,-0.0497964931892797
"delta",-0.0145115606303689,0.0124620394700326,-0.028164719642182
"lambdaluce",-0.0497964931892797,-0.028164719642182,2.12886938877367
"beta",0.0350860692936688,-0.0190327211740194,-0.0534870553266582
"delta",-0.0190327211740194,0.0227272877644574,-0.0338346547463805
"lambdaluce",-0.0534870553266582,-0.0338346547463805,1.52264792456165
"beta",0.0120871268544217,-0.00648836212995806,-0.0981631828216185
"delta",-0.00648836212995806,0.0214692528096048,0.039651589566314
"lambdaluce",-0.0981631828216185,0.039651589566314,1.85022135501143
"beta",0.0800515563701666,-0.0665668262660547,0.0381558891141576
"delta",-0.0665668262660547,0.145527881545767,-0.0792332539807095
"lambdaluce",0.0381558891141576,-0.0792332539807095,1.8410955052051
"beta",0.0105299817521699,-0.00486294310311746,-0.108321774131397
"delta",-0.00486294310311746,0.0157310764749176,0.0388604966249213
"lambdaluce",-0.108321774131397,0.0388604966249213,1.8877029359583
"beta",0.0171432427344448,-0.00650137060038695,-0.0715232035719384
"delta",-0.00650137060038695,0.00618385285860001,0.0124419132080751
"lambdaluce",-0.0715232035719384,0.0124419132080751,0.53433544282954
"beta",0.0490074479609034,-0.0387131628146839,0.0197454682840324
"delta",-0.0387131628146839,0.0978745057032898,-0.089983127249583
"lambdaluce",0.0197454682840324,-0.089983127249583,1.28684228099698
"beta",0.0805773009882334,-0.0265668798201684,0.044728595940761
"delta",-0.0265668798201684,0.0368562363636569,-0.0924508183822086
"lambdaluce",0.044728595940761,-0.0924508183822086,1.88851291281714
"beta",0.0131209552648421,-0.00786555045022017,-0.065295166284501
"delta",-0.00786555045022017,0.0510089317703175,0.0289089704968742
"lambdaluce",-0.065295166284501,0.0289089704968742,1.98918642505084
"beta",0.00207863968855907,-0.000637474176866043,-0.00385707653448347
"delta",-0.000637474176866043,0.00122369892731173,-0.00139869856404937
"lambdaluce",-0.00385707653448347,-0.00139869856404937,1.72564499194722
"beta",0.00556471545217126,-0.000289020197347019,-0.0814448276374237
"delta",-0.000289020197347019,0.00711692152117494,0.0130842462180822
"lambdaluce",-0.0814448276374237,0.0130842462180822,1.90284280197762
"beta",0.00592656882529141,-0.00243082574670638,-0.041137264013995
"delta",-0.00243082574670638,0.00194346828437494,0.0112032934165035
"lambdaluce",-0.041137264013995,0.0112032934165035,1.31689803557837
"beta",0.0678736577434511,-0.0387384869733701,0.0617703753173967
"delta",-0.0387384869733701,0.0849293075249437,-0.129492697478567
"lambdaluce",0.0617703753173967,-0.129492697478567,1.93057981485039
"beta",0.00973592977196004,-0.0034266572554577,-0.10111573649043
"delta",-0.0034266572554577,0.0037296832101636,0.0299472916741434
"lambdaluce",-0.10111573649043,0.0299472916741434,1.4738822124434
"beta",0.021008693491858,-0.0162332346580813,-0.0726996893876963
"delta",-0.0162332346580813,0.0582233038161242,0.014326136478695
"lambdaluce",-0.0726996893876963,0.014326136478695,1.92936929163222
"beta",0.00821783482148424,-0.00239058071558257,-0.0957684643095211
"delta",-0.00239058071558257,0.0128780237708419,0.0328060977977012
"lambdaluce",-0.0957684643095211,0.0328060977977012,1.80290400105832
"beta",0.0023345462108097,-0.000728248657969077,0.0028682656777076
"delta",-0.000728248657969077,0.00191055577340253,0.000833344779340632
"lambdaluce",0.0028682656777076,0.000833344779340632,1.45539282161174
"beta",0.00902982014028187,-0.00377557557985703,-0.0995393867502728
"delta",-0.00377557557985703,0.00904653117553188,0.0274794705394544
"lambdaluce",-0.0995393867502728,0.0274794705394544,1.47230627644743
"beta",0.0835494431021423,-0.0477487486215046,0.0582851507128349
"delta",-0.0477487486215046,0.0917558827075947,-0.104510972822436
"lambdaluce",0.0582851507128349,-0.104510972822436,1.92758117748392
"beta",0.0588048326208741,-0.0459514562601357,0.0368707363313594
"delta",-0.0459514562601357,0.108211269696768,-0.127453210232825
"lambdaluce",0.0368707363313594,-0.127453210232825,1.5157870660853
"beta",0.082413270881431,-0.0214910703068854,0.0445943077296746
"delta",-0.0214910703068854,0.0338882507271714,-0.0775804947744607
"lambdaluce",0.0445943077296746,-0.0775804947744607,2.17588765862027
"beta",0.0712384283075455,-0.0214126326010353,0.00305304773205128
"delta",-0.0214126326010353,0.0220716979011094,-0.0548865311324827
"lambdaluce",0.00305304773205128,-0.0548865311324827,1.93537138653592
"beta",0.00153056734556655,-0.000195296710271144,0.00337768875173839
"delta",-0.000195296710271144,0.000716109290316769,-0.000525086497689099
"lambdaluce",0.00337768875173839,-0.000525086497689099,1.62256683527142
"beta",0.00611710430797789,-0.00110948353478118,-0.0520832266407733
"delta",-0.00110948353478118,0.000602161320290215,0.00602228978685836
"lambdaluce",-0.0520832266407733,0.00602228978685836,1.10777445560808
"beta",0.00681603388954922,-0.00121399085708867,-0.0747576680495394
"delta",-0.00121399085708867,0.000627819992894141,0.0112574366328884
"lambdaluce",-0.0747576680495394,0.0112574366328884,1.42319189448083
"beta",0.00783764009166256,-0.00191098247460288,-0.051893926792747
"delta",-0.00191098247460288,0.00122016065709517,0.0112403080387371
"lambdaluce",-0.051893926792747,0.0112403080387371,0.514618678331229
"beta",0.031109083560025,-0.0166738500604288,-0.0291885611905493
"delta",-0.0166738500604288,0.073556147673226,-0.100316813496916
"lambdaluce",-0.0291885611905493,-0.100316813496916,1.54503893687231
"beta",0.0213395315383599,-0.00528704929099036,-0.0327565800298347
"delta",-0.00528704929099036,0.0025101498704182,-0.029275231665883
"lambdaluce",-0.0327565800298347,-0.029275231665883,2.07258801421012
"beta",0.0764138871628873,-0.0179008565815016,-0.0220667276124624
"delta",-0.0179008565815016,0.0119625347684164,-0.0388978380482604
"lambdaluce",-0.0220667276124624,-0.0388978380482604,2.11269746291371
"beta",0.00160982820930262,-0.000126868541830755,-0.00966964469485856
"delta",-0.000126868541830755,0.000527805147295215,0.00446411917586807
"lambdaluce",-0.00966964469485856,0.00446411917586807,1.70028377744275
"beta",0.0743850483754864,-0.0261604879249559,0.0439231887253008
"delta",-0.0261604879249559,0.0385811402194892,-0.0826625583096002
"lambdaluce",0.0439231887253008,-0.0826625583096002,1.98869091855988
"beta",0.0828210741205745,-0.0226050350681126,0.0392178867901794
"delta",-0.0226050350681126,0.0319212164960212,-0.0749028136577921
"lambdaluce",0.0392178867901794,-0.0749028136577921,2.16615399412312
"beta",0.0420776044266944,-0.0263125165624627,-0.0210362674359936
"delta",-0.0263125165624627,0.0593016375032937,-0.0530640939596386
"lambdaluce",-0.0210362674359936,-0.0530640939596386,1.63850486763241
"beta",0.00358756198294485,-0.00129652636926066,-0.0272683782778811
"delta",-0.00129652636926066,0.000821295856067204,0.00648690547007002
"lambdaluce",-0.0272683782778811,0.00648690547007002,0.876310834862453
"beta",0.0566998165566423,-0.0218729316347943,0.00381836801401115
"delta",-0.0218729316347943,0.0267260577832726,-0.070493197989293
"lambdaluce",0.00381836801401115,-0.070493197989293,2.05302197949736
"beta",0.0668592332944138,-0.0538027317449395,0.0584848532098264
"delta",-0.0538027317449395,0.120333575045897,-0.103162485249258
"lambdaluce",0.0584848532098264,-0.103162485249258,1.73676453922939
"beta",0.0162960675966588,-0.0112951967365839,-0.0520707581652255
"delta",-0.0112951967365839,0.0548972412756827,0.0198593812096942
"lambdaluce",-0.0520707581652255,0.0198593812096942,1.92446497355551
"beta",0.0093581034597302,-0.00350012560419321,-0.0994963129198693
"delta",-0.00350012560419321,0.00738006240532546,0.025063255049308
"lambdaluce",-0.0994963129198693,0.025063255049308,1.42332608722453
"beta",0.0122438263581797,-0.00382639392488018,-0.0543660481929828
"delta",-0.00382639392488018,0.00371235658974529,0.00544815545069772
"lambdaluce",-0.0543660481929828,0.00544815545069772,0.462197768787768
"beta",0.0127136675843037,-0.00708331669592812,-0.0846557067148412
"delta",-0.00708331669592812,0.0376345392359477,0.0284738222959245
"lambdaluce",-0.0846557067148412,0.0284738222959245,1.90282965311252
"beta",0.00766625474850838,-0.002838542760644,-0.0692956750413815
"delta",-0.002838542760644,0.00282043310668313,0.0177405129027464
"lambdaluce",-0.0692956750413815,0.0177405129027464,1.29361769280925
"beta",0.0318510452179347,-0.0256654542064908,-0.0808800686747634
"delta",-0.0256654542064908,0.058653189326967,0.0629347385619797
"lambdaluce",-0.0808800686747634,0.0629347385619797,1.76675893220944
"beta",0.00966360784647463,-0.0011072634311129,-0.090050910011618
"delta",-0.0011072634311129,0.00422765805067412,0.00842396106254043
"lambdaluce",-0.090050910011618,0.00842396106254043,1.25779928566947
"beta",0.0118233847858241,-0.00356594134756141,-0.107705001649632
"delta",-0.00356594134756141,0.0247655626001266,0.051196259413417
"lambdaluce",-0.107705001649632,0.051196259413417,2.00011675671057
"beta",0.0764138643713472,-0.0294610281286097,0.0632334387068332
"delta",-0.0294610281286097,0.0443626548102179,-0.090862436550697
"lambdaluce",0.0632334387068332,-0.090862436550697,2.17796828696481
"beta",0.0131095811218121,-0.00516142474958303,-0.0474159262726799
"delta",-0.00516142474958303,0.00372588760749016,-0.0122775806574367
"lambdaluce",-0.0474159262726799,-0.0122775806574367,1.50466001113073
"beta",0.0162187375336219,-0.00708036349007102,-0.130397141959701
"delta",-0.00708036349007102,0.00750986240223213,0.0344708518269583
"lambdaluce",-0.130397141959701,0.0344708518269583,1.7897809019154
"beta",0.00203000947888584,-0.000272752725219757,-0.00389991942945126
"delta",-0.000272752725219757,0.000844142029438591,0.00323270043063102
"lambdaluce",-0.00389991942945126,0.00323270043063102,1.92053639216343
"beta",0.00767728558343311,-0.00229272404290326,-0.00788141536512593
"delta",-0.00229272404290326,0.00259840469870828,-0.0362009606298828
"lambdaluce",-0.00788141536512593,-0.0362009606298828,1.25881715085306
"beta",0.00881363318829246,-0.00182254457381445,-0.110310138873521
"delta",-0.00182254457381445,0.00865260218187445,0.0213032214450163
"lambdaluce",-0.110310138873521,0.0213032214450163,1.83487660559155
"beta",0.00354490032781547,-0.000837414822041012,-0.00659937280902518
"delta",-0.000837414822041012,0.000876558885053813,-0.0216772456909209
"lambdaluce",-0.00659937280902518,-0.0216772456909209,1.64874599648424
"beta",0.036862626732221,-0.0113442980732385,-0.0665167537364201
"delta",-0.0113442980732385,0.00733853483915923,-0.0284273586169949
"lambdaluce",-0.0665167537364201,-0.0284273586169949,2.00604658823517
"beta",0.00493537499387927,-0.000508421508681185,-0.0175774655211108
"delta",-0.000508421508681185,0.00151452809604802,0.00532050067960532
"lambdaluce",-0.0175774655211108,0.00532050067960532,1.17074046992924
"beta",0.06878138404186,-0.0602177997381367,0.0163603984159824
"delta",-0.0602177997381367,0.141100059822475,-0.0460067478020242
"lambdaluce",0.0163603984159824,-0.0460067478020242,2.0608809398523
"beta",0.0130669934633547,-0.00694852100362178,-0.127789311721359
"delta",-0.00694852100362178,0.0152420844664435,0.0604869178476
"lambdaluce",-0.127789311721359,0.0604869178476,1.96072118844793
"beta",0.00512036370981966,-0.000714370916619725,-0.0541454450605995
"delta",-0.000714370916619725,0.000584990532104967,0.00299253178728203
"lambdaluce",-0.0541454450605995,0.00299253178728203,1.31207780022457
"beta",0.0134776831846572,-0.00616973373152105,-0.119945460387718
"delta",-0.00616973373152105,0.0127779504377927,0.0278511854245235
"lambdaluce",-0.119945460387718,0.0278511854245235,1.99975449454897
"beta",0.00740277585067963,-0.00259931303192668,-0.0981402891224865
"delta",-0.00259931303192668,0.0133995268255233,0.0310663460444804
"lambdaluce",-0.0981402891224865,0.0310663460444804,1.99920963718086
"beta",0.00483524541899767,-0.00135233415760472,-0.0612067342713544
"delta",-0.00135233415760472,0.00312034299205045,0.00598479105067417
"lambdaluce",-0.0612067342713544,0.00598479105067417,1.71411126088421
"beta",0.0708366135984925,-0.0429872966140578,0.0563057929084896
"delta",-0.0429872966140578,0.102553386366313,-0.151324208473613
"lambdaluce",0.0563057929084896,-0.151324208473613,1.85022740427941
"beta",0.0777847589674685,-0.0257705609469983,0.0477729826883911
"delta",-0.0257705609469983,0.0405524570132974,-0.10061449852546
"lambdaluce",0.0477729826883911,-0.10061449852546,2.20937846221969
"beta",0.0581353166619452,-0.0280076589263877,-0.0389054577447657
"delta",-0.0280076589263877,0.038707108210899,-0.0364085474116202
"lambdaluce",-0.0389054577447657,-0.0364085474116202,1.81649822985332
"beta",0.0116155330006688,-0.00172080292242715,-0.100524124807491
"delta",-0.00172080292242715,0.00442906919747029,0.0119727841151725
"lambdaluce",-0.100524124807491,0.0119727841151725,1.17796151852483
"beta",0.00850345877730077,-0.00328350529334423,-0.105307042109626
"delta",-0.00328350529334423,0.00336790551948156,0.0381810104343457
"lambdaluce",-0.105307042109626,0.0381810104343457,1.83746484723696
"beta",0.0424310264733613,-0.0272958638099113,-0.0434167538322315
"delta",-0.0272958638099113,0.0744317980065561,-0.0404402569603709
"lambdaluce",-0.0434167538322315,-0.0404402569603709,1.31271465258215
"beta",0.0594331265132537,-0.0323761617049151,0.0338071206386074
"delta",-0.0323761617049151,0.0540090901529106,-0.0926966783740925
"lambdaluce",0.0338071206386074,-0.0926966783740925,1.74823443855656
"beta",0.0066605313237806,-0.00246595405210105,-0.0954494946176782
"delta",-0.00246595405210105,0.00397974900198141,0.031472699276947
"lambdaluce",-0.0954494946176782,0.031472699276947,1.92182290340267
"beta",0.0091102092818362,-0.00291944163794318,-0.0466900764017939
"delta",-0.00291944163794318,0.00221893886985273,-0.0120621386072614
"lambdaluce",-0.0466900764017939,-0.0120621386072614,1.56652128658533
"beta",0.0738058601274691,-0.0148775203791524,0.0385460834666798
"delta",-0.0148775203791524,0.0220687001872128,-0.0616525742482993
"lambdaluce",0.0385460834666798,-0.0616525742482993,2.19805878612963
"beta",0.028784645371146,-0.0238743864501172,-0.0498879823075894
"delta",-0.0238743864501172,0.0786422868386137,0.0219259379912324
"lambdaluce",-0.0498879823075894,0.0219259379912324,1.90753828219112
"beta",0.0113084733491939,-0.00500496864479273,-0.123904122523303
"delta",-0.00500496864479273,0.00900607359670384,0.047551242360596
"lambdaluce",-0.123904122523303,0.047551242360596,1.83156716976986
"beta",0.00520183181631035,-0.00182395208443352,-0.0481176183667461
"delta",-0.00182395208443352,0.00154168689130313,0.0193608917144696
"lambdaluce",-0.0481176183667461,0.0193608917144696,1.47076254613221
"beta",0.0481594644551971,-0.0200327165022522,-0.0837126201733715
"delta",-0.0200327165022522,0.018421530600999,-0.0121333312733391
"lambdaluce",-0.0837126201733715,-0.0121333312733391,1.67669557521206
"beta",0.00248976067336447,-0.000824148883438204,-0.0202427461899307
"delta",-0.000824148883438204,0.000795851224423565,0.00254954134267881
"lambdaluce",-0.0202427461899307,0.00254954134267881,0.978088902980548
"beta",0.0874920609465737,-0.0249962636349615,0.0469993057324116
"delta",-0.0249962636349615,0.038396677927383,-0.0747761942447925
"lambdaluce",0.0469993057324116,-0.0747761942447925,1.9638131458431
"beta",0.0383566197844592,-0.0160814966577319,-0.137127696687607
"delta",-0.0160814966577319,0.0132946876551008,0.0148115644497555
"lambdaluce",-0.137127696687607,0.0148115644497555,2.07668193969128
"beta",0.0201743388793859,-0.0145781816954325,-0.0644407759166529
"delta",-0.0145781816954325,0.0635722542096525,0.00948746613868521
"lambdaluce",-0.0644407759166529,0.00948746613868521,1.74670551744812
"beta",0.0076760891566268,-0.0010806500842076,-0.0739258371248487
"delta",-0.0010806500842076,0.00380710298826459,-0.00148527366091198
"lambdaluce",-0.0739258371248487,-0.00148527366091198,1.57971757139425
"beta",0.00971874372424038,-0.00322577619036218,-0.0214143792043382
"delta",-0.00322577619036218,0.00238360508475995,-0.0255020361398256
"lambdaluce",-0.0214143792043382,-0.0255020361398256,1.57440024881473
"beta",0.00264066447065736,-0.000424886345822798,-0.0378130669023171
"delta",-0.000424886345822798,0.000415307885502839,0.00746824680867535
"lambdaluce",-0.0378130669023171,0.00746824680867535,1.73267005589069
"beta",0.0841515892629061,-0.0308945956968688,0.0700354266684786
"delta",-0.0308945956968688,0.0569452064151192,-0.100139668341586
"lambdaluce",0.0700354266684786,-0.100139668341586,2.14101819587217
"beta",0.0655103535922588,-0.0265726955906905,0.0260754737525187
"delta",-0.0265726955906905,0.0452439764496263,-0.10027389988419
"lambdaluce",0.0260754737525187,-0.10027389988419,1.85759310893901
"beta",0.0601275006809498,-0.0379133670862861,0.0307283780602364
"delta",-0.0379133670862861,0.100564510347875,-0.116894218412587
"lambdaluce",0.0307283780602364,-0.116894218412587,1.68636679148908
"beta",0.0254572718636641,-0.00852951058700705,-0.104354241114956
"delta",-0.00852951058700705,0.00689653849198637,-0.0108425476466973
"lambdaluce",-0.104354241114956,-0.0108425476466973,1.60925546856672
"beta",0.0479991022641064,-0.018422456587418,-0.0660357834226
"delta",-0.018422456587418,0.017996167499077,-0.0130194372453825
"lambdaluce",-0.0660357834226,-0.0130194372453825,2.02529618649354
"beta",0.00125487050160508,-0.000508829510756419,-0.00233720852088
"delta",-0.000508829510756419,0.000581582919476154,-0.00312034472764349
"lambdaluce",-0.00233720852088,-0.00312034472764349,0.409963466424508
"beta",0.0745755291281572,-0.0130780620292523,0.0234505530841289
"delta",-0.0130780620292523,0.0180518548489765,-0.0585445788524084
"lambdaluce",0.0234505530841289,-0.0585445788524084,1.96334988873526
"beta",0.0460216512620702,-0.0375337975323957,-0.0272983608637264
"delta",-0.0375337975323957,0.0819580938959214,0.011735874156532
"lambdaluce",-0.0272983608637264,0.011735874156532,1.81515305150753
"beta",0.0588470634128636,-0.0438956683538269,0.019928813057026
"delta",-0.0438956683538269,0.0981063114605024,-0.0954894105863139
"lambdaluce",0.019928813057026,-0.0954894105863139,1.75747009821223
"beta",0.00795415081602317,-0.00189069469528249,-0.102920955763631
"delta",-0.00189069469528249,0.0059840856978557,0.0149339628413391
"lambdaluce",-0.102920955763631,0.0149339628413391,1.97563403129593
"beta",0.0534608887508267,-0.0307101399014661,0.0339113481752229
"delta",-0.0307101399014661,0.0574719112267174,-0.0912905008729018
"lambdaluce",0.0339113481752229,-0.0912905008729018,1.88036888435516
"beta",0.00482641314881023,-0.00119062244514964,-0.0302774672695721
"delta",-0.00119062244514964,0.00139755866403723,0.00110327072255209
"lambdaluce",-0.0302774672695721,0.00110327072255209,1.467052735365
"beta",0.00434943214683591,-0.00124935005409385,-0.0239589341559346
"delta",-0.00124935005409385,0.00145705986160991,-0.000626017992591852
"lambdaluce",-0.0239589341559346,-0.000626017992591852,0.470546172640051
"beta",0.00885154551002717,-0.00202057043934882,-0.11669840414803
"delta",-0.00202057043934882,0.00606997544764742,0.0233656876917892
"lambdaluce",-0.11669840414803,0.0233656876917892,1.96938540195085
"beta",0.0058885472890721,-0.00132159710813474,-0.0837581802870572
"delta",-0.00132159710813474,0.0104059576917519,0.0233854879492883
"lambdaluce",-0.0837581802870572,0.0233854879492883,1.9896442506289
"beta",0.00782323208558059,-0.00215898160256748,-0.100599101788705
"delta",-0.00215898160256748,0.00578830084411212,0.0193758558261847
"lambdaluce",-0.100599101788705,0.0193758558261847,1.78108414640478
"beta",0.00922116782565008,-0.00346423642148783,-0.0991859447905312
"delta",-0.00346423642148783,0.00799015396609895,0.0163794967208778
"lambdaluce",-0.0991859447905312,0.0163794967208778,1.56804223862894
"beta",0.00751483872732776,-0.00283606566110119,-0.103058538490952
"delta",-0.00283606566110119,0.00533519859080106,0.0222134017011772
"lambdaluce",-0.103058538490952,0.0222134017011772,2.00215801448954
"beta",0.0612184099279229,-0.0487948722554709,-0.0102759419362291
"delta",-0.0487948722554709,0.0940795649237243,-0.029164836811687
"lambdaluce",-0.0102759419362291,-0.029164836811687,1.62941033288627
"beta",0.0236791949209306,-0.00728770126645648,-0.0612396804241597
"delta",-0.00728770126645648,0.00404173158735034,-0.0200034628599636
"lambdaluce",-0.0612396804241597,-0.0200034628599636,1.83673613076342
"beta",0.0130161858300574,-0.00322091077158744,-0.0216858724399519
"delta",-0.00322091077158744,0.00188595875170128,-0.0299006610796248
"lambdaluce",-0.0216858724399519,-0.0299006610796248,1.85276375310931
"beta",0.0579335646520973,-0.0265696341479955,0.0253456714058137
"delta",-0.0265696341479955,0.0448420077843461,-0.0887016430252435
"lambdaluce",0.0253456714058137,-0.0887016430252435,1.68102168303044
"beta",0.00386996925916228,-0.000608921469914065,-0.016950234369519
"delta",-0.000608921469914065,0.00137350935554028,0.004581692685209
"lambdaluce",-0.016950234369519,0.004581692685209,1.11359350967885
"beta",0.0683488349786213,-0.05692179768528,0.0223570871254326
"delta",-0.05692179768528,0.120203752557612,-0.0276857932001839
"lambdaluce",0.0223570871254326,-0.0276857932001839,1.77257370686555
"beta",0.00652875705522393,-0.00172821614700371,-0.101734950117447
"delta",-0.00172821614700371,0.0107760641237905,0.0208790503127689
"lambdaluce",-0.101734950117447,0.0208790503127689,2.14158285680423
"beta",0.0512569377149572,-0.034190120705574,-0.00151293465716386
"delta",-0.034190120705574,0.0789995680319311,-0.0636344227473995
"lambdaluce",-0.00151293465716386,-0.0636344227473995,1.71114492014047
"beta",0.00967565154873322,-0.00435234022178859,-0.109148105292937
"delta",-0.00435234022178859,0.00849595911715645,0.0378659832762402
"lambdaluce",-0.109148105292937,0.0378659832762402,1.71099397877555
"beta",0.00963356036621666,-0.00300292661146809,-0.0973800487935461
"delta",-0.00300292661146809,0.00222448371972279,0.0299853978629069
"lambdaluce",-0.0973800487935461,0.0299853978629069,1.43098732660178
"beta",0.00520484598828069,-0.00195363464009098,-0.0137875984111468
"delta",-0.00195363464009098,0.00244422105781859,-0.0186897658806425
"lambdaluce",-0.0137875984111468,-0.0186897658806425,0.776050705240684
"beta",0.0228827513715799,-0.0135393279468994,-0.0279833756382833
"delta",-0.0135393279468994,0.0540746152069865,-0.0512519712803928
"lambdaluce",-0.0279833756382833,-0.0512519712803928,1.11077545508161
"beta",0.0469277066026681,-0.0197011657016459,-0.0971992385525119
"delta",-0.0197011657016459,0.0187108273023115,-0.0154550220731385
"lambdaluce",-0.0971992385525119,-0.0154550220731385,1.73065475371261
"beta",0.019690237818445,-0.0100594594388079,-0.114948266040438
"delta",-0.0100594594388079,0.0364072347033452,0.0435044545224518
"lambdaluce",-0.114948266040438,0.0435044545224518,1.80368102163721
"beta",0.0429177858111479,-0.0428355765160504,-0.0302108146339271
"delta",-0.0428355765160504,0.111024183906594,0.0445957124704989
"lambdaluce",-0.0302108146339271,0.0445957124704989,1.9794289654846
"beta",0.00705597987378152,-0.00234388461530142,-0.0637324068212277
"delta",-0.00234388461530142,0.0045138203916662,0.0083173413490455
"lambdaluce",-0.0637324068212277,0.0083173413490455,1.33522659166434
"beta",0.0419490228708341,-0.0119891922058312,-0.0549776065261536
"delta",-0.0119891922058312,0.00564350236691686,-0.0239669199448137
"lambdaluce",-0.0549776065261536,-0.0239669199448137,2.00185940075284
"beta",0.0121220970536048,-0.004519221301679,-0.0973799830340927
"delta",-0.004519221301679,0.00394382366781991,0.021434241962463
"lambdaluce",-0.0973799830340927,0.021434241962463,1.42443984069219
"beta",0.00257595103888064,-0.000729569642550252,-0.00564329529301145
"delta",-0.000729569642550252,0.00169761254976523,0.00322670449274814
"lambdaluce",-0.00564329529301145,0.00322670449274814,1.67153684056527
"beta",0.0341226036608935,-0.0132318807410236,-0.0498278038308421
"delta",-0.0132318807410236,0.0113104969615647,-0.0335961351582272
"lambdaluce",-0.0498278038308421,-0.0335961351582272,1.66279066966839
"beta",0.00731579430475204,-0.00219283565629182,-0.0930483222819047
"delta",-0.00219283565629182,0.00588487296939829,0.0169052618047124
"lambdaluce",-0.0930483222819047,0.0169052618047124,1.71281663435903
"beta",0.00714822438036739,-0.000577695218670523,-0.0950575002562809
"delta",-0.000577695218670523,0.00296288060604648,0.00933560281647922
"lambdaluce",-0.0950575002562809,0.00933560281647922,1.92020883703462
"beta",0.0109175916891134,-0.00454425133073615,-0.096342949381988
