"","alpha","beta","gamma","delta","lambda","luce"
"",0,0,0,0,0,0
"alpha",0.00291693822142751,-0.000130329620560179,-0.000824830342141799,5.85518623403177e-05,0.0340433211341258,-0.00978760252889707
"beta",-0.000130329620560179,0.00092629692856323,0.00056294530854403,3.68614939886547e-05,-0.0133076966536401,0.000562656431397117
"gamma",-0.000824830342141799,0.00056294530854403,0.00583797515721741,-0.000106854696227174,-0.0105006068387356,0.00196562138714958
"delta",5.85518623403177e-05,3.68614939886547e-05,-0.000106854696227174,0.00033603026970745,0.00124282360715558,-0.000217092706706162
"lambda",0.0340433211341258,-0.0133076966536401,-0.0105006068387356,0.00124282360715558,0.846153044644764,-0.137431746020664
"luce",-0.00978760252889707,0.000562656431397117,0.00196562138714958,-0.000217092706706162,-0.137431746020664,0.04622267555936
"alpha",0.00295781137397119,-0.00030348391608743,-0.00107311210199693,0.000507952969711921,0.0393900962010365,-0.0103397203179624
"beta",-0.00030348391608743,0.00136464717819411,0.000663968908346591,0.000234341014062229,-0.0247331943512196,0.00172627484065323
"gamma",-0.00107311210199693,0.000663968908346591,0.00581943236109819,-0.00104361060915089,-0.0152559992687491,0.00258006983338791
"delta",0.000507952969711921,0.000234341014062229,-0.00104361060915089,0.00240160407507162,-0.00202804094121703,-0.00180733376826911
"lambda",0.0393900962010365,-0.0247331943512196,-0.0152559992687491,-0.00202804094121703,1.0032395132773,-0.165626976393601
"luce",-0.0103397203179624,0.00172627484065323,0.00258006983338791,-0.00180733376826911,-0.165626976393601,0.047064032992425
"alpha",0.00692587025160512,4.82566819664083e-05,-0.00267699568915057,-2.93828756394764e-05,0.0438412607134922,-0.0168128032931237
"beta",4.82566819664083e-05,0.000431940999263931,0.000182223968062519,6.42728754643416e-05,-0.00347347751880536,-0.000173338782334114
"gamma",-0.00267699568915057,0.000182223968062519,0.00998826322051195,-0.000235289158896971,-0.00211473512527686,0.00163824514786392
"delta",-2.93828756394764e-05,6.42728754643416e-05,-0.000235289158896971,0.00043359280437615,0.000305916502322506,-0.000180098408836199
"lambda",0.0438412607134922,-0.00347347751880536,-0.00211473512527686,0.000305916502322506,0.852809855571517,-0.191955093211112
"luce",-0.0168128032931237,-0.000173338782334114,0.00163824514786392,-0.000180098408836199,-0.191955093211112,0.0739304472632781
"alpha",0.00930198453594439,0.000454507221687666,0.00463808629540647,-0.000703684359739759,0.000600535465965282,-0.00440022581618247
"beta",0.000454507221687666,0.00456196355205423,0.000734633717965734,-0.00093678368732395,-0.0181467469047559,-0.00144076799845099
"gamma",0.00463808629540647,0.000734633717965734,0.0513771602446486,-0.00544301828453123,-0.0198091786731393,-0.00153971310999511
"delta",-0.000703684359739759,-0.00093678368732395,-0.00544301828453123,0.0321455702745113,-0.0142908778483074,-0.0038235639387316
"lambda",0.000600535465965282,-0.0181467469047559,-0.0198091786731393,-0.0142908778483074,0.689173851216968,-0.0338779254010096
"luce",-0.00440022581618247,-0.00144076799845099,-0.00153971310999511,-0.0038235639387316,-0.0338779254010096,0.0307739873678161
"alpha",0.00160470663966338,0.000292704377253038,-0.000677599976993168,5.97990371316005e-05,0.0101638679025271,-0.00457853608010158
"beta",0.000292704377253038,0.00123791949265633,0.000693817240793386,1.28377122334397e-05,-0.016751967925933,-0.00131424510102187
"gamma",-0.000677599976993168,0.000693817240793386,0.00724011652493946,-4.18766672567031e-05,-0.0102846249789949,-0.000236632641406613
"delta",5.97990371316005e-05,1.28377122334397e-05,-4.18766672567031e-05,0.0011514785746055,-0.000388610298748303,-0.000186461308301087
"lambda",0.0101638679025271,-0.016751967925933,-0.0102846249789949,-0.000388610298748303,0.566738933687933,-0.06005266078447
"luce",-0.00457853608010158,-0.00131424510102187,-0.000236632641406613,-0.000186461308301087,-0.06005266078447,0.0302482117319235
"alpha",0.00290540986022254,-0.00183429478502218,-0.000139871824548326,0.00395407133975247,-0.00980281980969258,-0.0080463930214808
"beta",-0.00183429478502218,0.017190460180621,0.000733882280063998,-0.010537313499848,0.0145666189354701,0.00602781144033896
"gamma",-0.000139871824548326,0.000733882280063998,0.00569723489834364,-0.000468162750631163,-0.00159414802176833,-0.000640958164620996
"delta",0.00395407133975247,-0.010537313499848,-0.000468162750631163,0.0145165213928417,-0.0354827057662639,-0.0111438306558681
"lambda",-0.00980281980969258,0.0145666189354701,-0.00159414802176833,-0.0354827057662639,0.405853863419936,0.029956938210794
"luce",-0.0080463930214808,0.00602781144033896,-0.000640958164620996,-0.0111438306558681,0.029956938210794,0.0302624258154534
"alpha",0.00681141059561087,-0.00513467314654943,-0.0013334443244271,0.00905764813054802,-0.00416756123879442,-0.018165035534462
"beta",-0.00513467314654943,0.0799334506243859,0.00613272584617378,-0.0368081627553288,0.0253589683866312,0.0184694584573371
"gamma",-0.0013334443244271,0.00613272584617378,0.0217896366456961,-0.0094886699719155,-0.00192699479133759,0.00100397226326986
"delta",0.00905764813054802,-0.0368081627553288,-0.0094886699719155,0.0614918476545708,-0.0644285589081883,-0.0330872629306495
"lambda",-0.00416756123879442,0.0253589683866312,-0.00192699479133759,-0.0644285589081883,1.31976427044741,0.00944919379210577
"luce",-0.018165035534462,0.0184694584573371,0.00100397226326986,-0.0330872629306495,0.00944919379210577,0.0858588974153575
"alpha",0.0453679246343329,-0.00229180109290998,-0.0155191547966653,0.00402485184898814,0.0117109632836811,-0.0212553713453679
"beta",-0.00229180109290998,0.0531155584519991,0.00298266470877591,-0.0139872631186065,-0.0175000681414073,-0.00129200620275777
"gamma",-0.0155191547966653,0.00298266470877591,0.0123304054980444,-0.00159636980973146,-0.00348289023338514,0.00385985934952719
"delta",0.00402485184898814,-0.0139872631186065,-0.00159636980973146,0.0106778392384105,-0.0347349490925313,-0.00702759343986632
"lambda",0.0117109632836811,-0.0175000681414073,-0.00348289023338514,-0.0347349490925313,1.27731349831876,-0.0230113451121637
"luce",-0.0212553713453679,-0.00129200620275777,0.00385985934952719,-0.00702759343986632,-0.0230113451121637,0.0832756339057862
"alpha",0.0622863973503255,0.00224172921909611,-0.0121902822200835,0.00136351909077262,0.0101151702948578,-0.0110904972394122
"beta",0.00224172921909611,0.0724624226209444,-0.000675245840065135,-0.00941066505040507,-0.0146033011397145,-0.000760419071125668
"gamma",-0.0121902822200835,-0.000675245840065135,0.00971714820184572,0.000163768621440857,-0.00688113619043572,-0.00105007714670818
"delta",0.00136351909077262,-0.00941066505040507,0.000163768621440857,0.010398833200747,-0.028173296439066,-0.00587121087152128
"lambda",0.0101151702948578,-0.0146033011397145,-0.00688113619043572,-0.028173296439066,1.34704743468403,0.0116208179701442
"luce",-0.0110904972394122,-0.000760419071125668,-0.00105007714670818,-0.00587121087152128,0.0116208179701442,0.0805018660305329
"alpha",0.0124235112164269,-0.000987355457852445,-0.00576622511728561,0.00018272908333472,0.000256701328687584,-0.0106883708562955
"beta",-0.000987355457852445,0.0738948901272585,0.00139831012192021,-0.00614282712015469,0.00283385348097264,-0.00451621480384391
"gamma",-0.00576622511728561,0.00139831012192021,0.0256285797205397,0.000156352189569276,0.0040888726150633,-0.00195645157078251
"delta",0.00018272908333472,-0.00614282712015469,0.000156352189569276,0.00345116311912234,-0.0134240951726106,-0.00114435626691684
"lambda",0.000256701328687584,0.00283385348097264,0.0040888726150633,-0.0134240951726106,1.32788551465629,-0.0167622484378716
"luce",-0.0106883708562955,-0.00451621480384391,-0.00195645157078251,-0.00114435626691684,-0.0167622484378716,0.0793358011335723
"alpha",0.000556142653480676,-0.000153217615765173,-0.000100848000894755,0.000389750885033127,0.00210271188264563,-0.00149152782998975
"beta",-0.000153217615765173,0.0112832613019129,0.000101122483696081,-0.00496116866331518,-0.0496242918993912,-0.00185694208372335
"gamma",-0.000100848000894755,0.000101122483696081,0.00051536362108547,-0.000167383722427461,-0.00196300365763762,0.000489012477804952
"delta",0.000389750885033127,-0.00496116866331518,-0.000167383722427461,0.00801334837203351,-0.00694670676878539,-0.00264940482337104
"lambda",0.00210271188264563,-0.0496242918993912,-0.00196300365763762,-0.00694670676878539,1.01341185038148,-0.0228098225331339
"luce",-0.00149152782998975,-0.00185694208372335,0.000489012477804952,-0.00264940482337104,-0.0228098225331339,0.0319754456408715
"alpha",0.0660973221316974,-9.29962825320538e-05,-0.00945396617854866,0.000780604366563081,0.00896664249027877,-0.00797079713641629
"beta",-9.29962825320538e-05,0.00401360943269407,0.000462383954672723,-0.00033940110072058,-0.0285853224262471,-0.00516218938447773
"gamma",-0.00945396617854866,0.000462383954672723,0.00743711173870205,-0.000240495397292995,0.00560583699061462,-0.00151141060809153
"delta",0.000780604366563081,-0.00033940110072058,-0.000240495397292995,0.000719764824739039,-0.00552712154496589,-0.00144403898234295
"lambda",0.00896664249027877,-0.0285853224262471,0.00560583699061462,-0.00552712154496589,0.88546350443586,-0.0998111040824917
"luce",-0.00797079713641629,-0.00516218938447773,-0.00151141060809153,-0.00144403898234295,-0.0998111040824917,0.06892098476792
"alpha",0.000996520572040764,-0.000336254701576342,-0.000340266583369041,0.000171378662083999,0.0126581371571739,-0.00373315321866698
"beta",-0.000336254701576342,0.00158533134665219,0.000393925605828076,4.03459449017091e-05,-0.0176030113851436,0.000678018369651673
"gamma",-0.000340266583369041,0.000393925605828076,0.000767657689925172,-0.000142715903465225,-0.0045302433928647,0.000351566746865363
"delta",0.000171378662083999,4.03459449017091e-05,-0.000142715903465225,0.00149205391620796,-0.00338748778896466,-0.000638105596064253
"lambda",0.0126581371571739,-0.0176030113851436,-0.0045302433928647,-0.00338748778896466,0.336487005279508,-0.0491014101828201
"luce",-0.00373315321866698,0.000678018369651673,0.000351566746865363,-0.000638105596064253,-0.0491014101828201,0.0251880839694318
"alpha",0.000903994314154775,-0.000366741511498105,5.77528357173419e-05,0.000991868211349657,0.000385133846520334,-0.00358839667022038
"beta",-0.000366741511498105,0.0226738348808475,1.42119346559275e-05,-0.00838195399724063,-0.0422521736357325,3.15233652655593e-05
"gamma",5.77528357173419e-05,1.42119346559275e-05,0.000734457737301695,-6.45217326883452e-05,-0.0010370763086337,5.25842153513153e-05
"delta",0.000991868211349657,-0.00838195399724063,-6.45217326883452e-05,0.0111967051107862,-0.0375722973634052,-0.00413678545401108
"lambda",0.000385133846520334,-0.0422521736357325,-0.0010370763086337,-0.0375722973634052,1.14824047169927,-0.0101204596858691
"luce",-0.00358839667022038,3.15233652655593e-05,5.25842153513153e-05,-0.00413678545401108,-0.0101204596858691,0.0329143117540769
"alpha",0.00748374300674203,4.78800977499029e-05,-0.00398689920944678,8.41569799398189e-05,0.0171620693910671,-0.00576264838439969
"beta",4.78800977499029e-05,0.000780436136607402,0.00203220512057885,0.00022555927246267,-0.00676728039946555,-0.000663639328304059
"gamma",-0.00398689920944678,0.00203220512057885,0.0751010327023564,9.28731435091247e-06,-0.0273238192833805,0.000429264503490379
"delta",8.41569799398189e-05,0.00022555927246267,9.28731435091247e-06,0.00141165676482275,-0.0031328675982473,-0.00107022638791645
"lambda",0.0171620693910671,-0.00676728039946555,-0.0273238192833805,-0.0031328675982473,0.823776185610859,-0.170517170095576
"luce",-0.00576264838439969,-0.000663639328304059,0.000429264503490379,-0.00107022638791645,-0.170517170095576,0.0604889823373585
"alpha",0.00279171936395205,-0.00147108168211188,-0.00023319228333526,0.00233834420673271,-0.00224829005398218,-0.00937545004854801
"beta",-0.00147108168211188,0.0692728331102973,0.00140923519371663,-0.0200239068896889,0.0243948273565112,0.00899757623209742
"gamma",-0.00023319228333526,0.00140923519371663,0.0107579280216118,-0.0016355075007517,0.00455649266014042,-0.000757266650926972
"delta",0.00233834420673271,-0.0200239068896889,-0.0016355075007517,0.0224015110781367,-0.052100970578611,-0.0138234965227999
"lambda",-0.00224829005398218,0.0243948273565112,0.00455649266014042,-0.052100970578611,1.25572650728279,0.00700779354166537
"luce",-0.00937545004854801,0.00899757623209742,-0.000757266650926972,-0.0138234965227999,0.00700779354166537,0.0622458805625736
"alpha",0.00160603358820347,-0.000163654495813617,-0.000555656587633577,0.000362796955688789,0.0227901628169014,-0.00587293696589969
"beta",-0.000163654495813617,0.000978564361193197,0.000264555320395358,0.000280510856413185,-0.0162257720829523,0.000315129802883525
"gamma",-0.000555656587633577,0.000264555320395358,0.00135513414059458,-0.00032663262535158,-0.00638706849783843,0.000779658072643972
"delta",0.000362796955688789,0.000280510856413185,-0.00032663262535158,0.00191429391695218,-0.00446585725640753,-0.000527067104890627
"lambda",0.0227901628169014,-0.0162257720829523,-0.00638706849783843,-0.00446585725640753,0.657757872243238,-0.102093905258309
"luce",-0.00587293696589969,0.000315129802883525,0.000779658072643972,-0.000527067104890627,-0.102093905258309,0.0386164044923686
"alpha",0.0122299343784789,2.6247725797481e-05,0.000799177786257682,-0.000298013983573534,0.0250588939217797,-0.0101912056245673
"beta",2.6247725797481e-05,0.000327947690459845,0.000520732445708706,7.74503035296469e-05,-0.00251766060907523,0.000243121135981511
"gamma",0.000799177786257682,0.000520732445708706,0.048396355768533,-0.000180777402773562,-0.00102175881639633,0.00191486249241413
"delta",-0.000298013983573534,7.74503035296469e-05,-0.000180777402773562,0.000540467421759627,-0.00103903652464292,-3.32819680783514e-05
"lambda",0.0250588939217797,-0.00251766060907523,-0.00102175881639633,-0.00103903652464292,0.580485423860443,-0.14998356260276
"luce",-0.0101912056245673,0.000243121135981511,0.00191486249241413,-3.32819680783514e-05,-0.14998356260276,0.0657027793438073
"alpha",0.0176487059226622,-0.00136472541041399,-0.00777140618288969,0.000350357466362878,0.0559321329656424,-0.012435951859538
"beta",-0.00136472541041399,0.00222390182057339,0.00115683368011522,7.19016619877935e-05,-0.0222461519437272,-0.00100265846243954
"gamma",-0.00777140618288969,0.00115683368011522,0.00538569839418193,-4.56614653145784e-05,-0.0103498762911572,-0.00153254892754483
"delta",0.000350357466362878,7.19016619877935e-05,-4.56614653145784e-05,0.00195893644742789,-0.00386413913361044,-0.000737952245272926
"lambda",0.0559321329656424,-0.0222461519437272,-0.0103498762911572,-0.00386413913361044,0.928166287605607,-0.19099300444078
"luce",-0.012435951859538,-0.00100265846243954,-0.00153254892754483,-0.000737952245272926,-0.19099300444078,0.073833292432516
"alpha",0.0105105858088134,0.00381052747727837,0.00382929867360686,-5.67193794981488e-05,-0.00465012342727723,-0.0119083443705706
"beta",0.00381052747727837,0.0461984099794394,0.0343598687519567,-0.00971891925484486,-0.0520593451873576,-0.0110666734288709
"gamma",0.00382929867360686,0.0343598687519567,0.113637574039633,-0.00746305492158574,-0.0212620376865014,-0.020838109442396
"delta",-5.67193794981488e-05,-0.00971891925484486,-0.00746305492158574,0.00330476261057484,-0.00587887625833731,-0.00113914228981
"lambda",-0.00465012342727723,-0.0520593451873576,-0.0212620376865014,-0.00587887625833731,1.05738970833048,0.00251271324803605
"luce",-0.0119083443705706,-0.0110666734288709,-0.020838109442396,-0.00113914228981,0.00251271324803605,0.073745901896985
"alpha",0.000842251502162983,-4.120485027814e-05,-3.54346679555289e-05,5.31003194213098e-05,0.00676120662505435,-0.00364987788636563
"beta",-4.120485027814e-05,0.000554254623455474,0.000160786056973842,-5.4111719976154e-06,-0.0038483084419426,0.000297554068028569
"gamma",-3.54346679555289e-05,0.000160786056973842,0.00100906351039158,-5.6650556928327e-05,-0.000242034086609085,0.000157610545435342
"delta",5.31003194213098e-05,-5.4111719976154e-06,-5.6650556928327e-05,0.000202242932817271,-0.000314893752152604,-0.00028951090989447
"lambda",0.00676120662505435,-0.0038483084419426,-0.000242034086609085,-0.000314893752152604,0.0937635493642201,-0.0350564603365524
"luce",-0.00364987788636563,0.000297554068028569,0.000157610545435342,-0.00028951090989447,-0.0350564603365524,0.0366742130652207
"alpha",0.000768863481929043,0.000114829783391785,1.41833083078059e-05,0.000531625442489855,0.00804845420220394,-0.00333941009606704
"beta",0.000114829783391785,0.00393525540055176,2.47696510667595e-05,-0.001017442069132,-0.0393257034855118,-0.00273311445431436
"gamma",1.41833083078059e-05,2.47696510667595e-05,0.00026880098482949,-6.4586893114886e-05,-0.000680928284622451,0.000161982802738718
"delta",0.000531625442489855,-0.001017442069132,-6.4586893114886e-05,0.00367617936546409,0.00630500943839375,-0.000481793145858843
"lambda",0.00804845420220394,-0.0393257034855118,-0.000680928284622451,0.00630500943839375,0.799984500363977,-0.0433224132704285
"luce",-0.00333941009606704,-0.00273311445431436,0.000161982802738718,-0.000481793145858843,-0.0433224132704285,0.0341232850305084
"alpha",0.00377520310024802,-0.000442211024570254,-0.000778800258940014,0.000264101596042673,0.0420740260709367,-0.0131513214775927
"beta",-0.000442211024570254,0.00189686885474301,0.000490876647851241,-0.000317189424564402,-0.0233425831726787,0.00156333958050576
"gamma",-0.000778800258940014,0.000490876647851241,0.00506370948684329,-0.000157681182983783,-0.00614057508743255,0.00158820092014453
"delta",0.000264101596042673,-0.000317189424564402,-0.000157681182983783,0.000333750014991084,0.0032829717759305,-0.000902131188467135
"lambda",0.0420740260709367,-0.0233425831726787,-0.00614057508743255,0.0032829717759305,0.822636674952998,-0.169396285228155
"luce",-0.0131513214775927,0.00156333958050576,0.00158820092014453,-0.000902131188467135,-0.169396285228155,0.0598753878990496
"alpha",0.0483822034121235,-0.000278771792592442,-0.0138094073746944,0.000659701254399751,0.00276014719965138,-0.00872117443036952
"beta",-0.000278771792592442,0.0700293529054314,0.000347898206590701,-0.00864807067159265,-0.00695760546842984,0.00170634174531778
"gamma",-0.0138094073746944,0.000347898206590701,0.0115017765933587,0.000176242761811471,-3.37065025108154e-05,-0.00346423372109575
"delta",0.000659701254399751,-0.00864807067159265,0.000176242761811471,0.00517216934626177,-0.0162124450955415,-0.00246927952153595
"lambda",0.00276014719965138,-0.00695760546842984,-3.37065025108154e-05,-0.0162124450955415,1.31651716032571,-0.00241199053702643
"luce",-0.00872117443036952,0.00170634174531778,-0.00346423372109575,-0.00246927952153595,-0.00241199053702643,0.0828261395715937
"alpha",0.00352000924303352,-0.000171767205569843,-0.00104710659450414,0.000310340216597498,0.0198695798341439,-0.00930437073683262
"beta",-0.000171767205569843,0.00154011557773362,9.95387489777045e-05,-0.000238999076262656,-0.0124684809701014,0.000524039798169013
"gamma",-0.00104710659450414,9.95387489777045e-05,0.00109900987045406,2.40333161914202e-05,0.0031067032715621,-0.00112078604178276
"delta",0.000310340216597498,-0.000238999076262656,2.40333161914202e-05,0.000415971388293095,-0.00593352097140438,-0.00122312315265796
"lambda",0.0198695798341439,-0.0124684809701014,0.0031067032715621,-0.00593352097140438,0.741785124334164,-0.117361051555919
"luce",-0.00930437073683262,0.000524039798169013,-0.00112078604178276,-0.00122312315265796,-0.117361051555919,0.0559531998564786
"alpha",0.00587003890936277,-0.00114174396768839,-0.00701156972403099,0.000804546893164673,0.00256095756129552,-0.00595143332700822
"beta",-0.00114174396768839,0.0527483784368547,0.0170849591443123,-0.0129491103989194,-0.0234637622799518,0.00175563216635062
"gamma",-0.00701156972403099,0.0170849591443123,0.092220671911255,-0.00635357912299161,0.00552604607006148,0.00828376873064065
"delta",0.000804546893164673,-0.0129491103989194,-0.00635357912299161,0.00769302774361329,-0.0293162837199695,-0.00559527042047862
"lambda",0.00256095756129552,-0.0234637622799518,0.00552604607006148,-0.0293162837199695,1.2605158226575,-0.00668347990068821
"luce",-0.00595143332700822,0.00175563216635062,0.00828376873064065,-0.00559527042047862,-0.00668347990068821,0.0682703606997798
"alpha",0.0627393381197284,1.14378213220316e-05,-0.00747025025139124,3.00846901054468e-05,0.00427127934830215,-0.00335853605164975
"beta",1.14378213220316e-05,0.000615574861714222,7.95087522223372e-05,-0.000134584930382782,-0.00355535308341873,-0.00115282487139833
"gamma",-0.00747025025139124,7.95087522223372e-05,0.00633089189379447,-2.04136603847745e-05,-0.00203870506475821,-0.00019710068297665
"delta",3.00846901054468e-05,-0.000134584930382782,-2.04136603847745e-05,0.000120497946571979,-0.000328184754455271,7.22324373255401e-05
"lambda",0.00427127934830215,-0.00355535308341873,-0.00203870506475821,-0.000328184754455271,0.360212135875846,-0.0275246869808469
"luce",-0.00335853605164975,-0.00115282487139833,-0.00019710068297665,7.22324373255401e-05,-0.0275246869808469,0.0312049007227339
"alpha",0.0192441154088326,-0.000844837755746636,-0.00472074441254394,0.000671877482229979,-0.00599576999119251,-0.00613516239562844
"beta",-0.000844837755746636,0.0451680807744951,0.000782353082196149,-0.00695040225028333,-0.0201007778694339,-0.00531091493757083
"gamma",-0.00472074441254394,0.000782353082196149,0.00165851592119365,-4.95337770522766e-05,0.00145682354722348,-0.00273822580494958
"delta",0.000671877482229979,-0.00695040225028333,-4.95337770522766e-05,0.00202514161715211,-0.0161163543092169,-0.00251540529218897
"lambda",-0.00599576999119251,-0.0201007778694339,0.00145682354722348,-0.0161163543092169,1.32645883042514,4.88904911701908e-05
"luce",-0.00613516239562844,-0.00531091493757083,-0.00273822580494958,-0.00251540529218897,4.88904911701908e-05,0.0795934713937826
"alpha",0.0565832393919105,-0.00071480916391806,-0.00736932054888644,0.0016964261024533,-0.00192867559700513,-0.00568622256456582
"beta",-0.00071480916391806,0.0167697498863566,0.000834128439061556,-0.00472028904028155,-0.0471285019329167,-0.00725937313697411
"gamma",-0.00736932054888644,0.000834128439061556,0.00434487295049769,-0.000279798902890022,0.00330721552410158,-0.00203313774736115
"delta",0.0016964261024533,-0.00472028904028155,-0.000279798902890022,0.00384892236299391,-0.0112527359995585,-0.00249659351828916
"lambda",-0.00192867559700513,-0.0471285019329167,0.00330721552410158,-0.0112527359995585,1.10775286048446,-0.0521929008047839
"luce",-0.00568622256456582,-0.00725937313697411,-0.00203313774736115,-0.00249659351828916,-0.0521929008047839,0.0762219077435374
"alpha",0.00834296078739344,0.000509282082020106,0.00331500272993616,5.67261143313057e-05,0.012152264154424,-0.0063084988805561
"beta",0.000509282082020106,0.0011503184995999,0.000513580028084052,-2.49559948607496e-05,-0.00754641408627807,-0.00248072877022364
"gamma",0.00331500272993616,0.000513580028084052,0.0357469457973189,-2.05879925384934e-05,-0.00712646737352983,0.00201022662314726
"delta",5.67261143313057e-05,-2.49559948607496e-05,-2.05879925384934e-05,6.46244858175238e-05,0.000287783332294735,-0.000286880894785974
"lambda",0.012152264154424,-0.00754641408627807,-0.00712646737352983,0.000287783332294735,0.60699348603674,-0.107354145252489
"luce",-0.0063084988805561,-0.00248072877022364,0.00201022662314726,-0.000286880894785974,-0.107354145252489,0.0562188256325772
"alpha",0.00776208004008965,0.000960071472311646,-0.000193803753196618,0.000369534297357993,0.0163981667570554,-0.00894584533065987
"beta",0.000960071472311646,0.00290710250145156,0.00193446230492167,0.000367950421658765,-0.02870200432488,-0.0010442842016794
"gamma",-0.000193803753196618,0.00193446230492167,0.0391487774620291,-0.00235129617488957,-0.0260000152720217,-0.00103680964862397
"delta",0.000369534297357993,0.000367950421658765,-0.00235129617488957,0.00838296382804204,-0.00760855863184423,-0.00232593793814956
"lambda",0.0163981667570554,-0.02870200432488,-0.0260000152720217,-0.00760855863184423,1.09088612510751,-0.200554918059475
"luce",-0.00894584533065987,-0.0010442842016794,-0.00103680964862397,-0.00232593793814956,-0.200554918059475,0.0748946548539229
"alpha",0.0130676252013966,-0.000385518978894575,-0.0062891749402751,0.000366678075605377,0.0515978474296232,-0.0169048819071548
"beta",-0.000385518978894575,0.00180252209672423,0.000383629681587177,-0.000212958280103228,-0.0186284002021865,7.16571569744396e-06
"gamma",-0.0062891749402751,0.000383629681587177,0.00561825405473934,-8.15318355621605e-05,-0.00382938683927242,0.000679819779027954
"delta",0.000366678075605377,-0.000212958280103228,-8.15318355621605e-05,0.000279538875477262,0.00215271569243915,-0.000889063616464356
"lambda",0.0515978474296232,-0.0186284002021865,-0.00382938683927242,0.00215271569243915,0.94190004148946,-0.202914357142053
"luce",-0.0169048819071548,7.16571569744396e-06,0.000679819779027954,-0.000889063616464356,-0.202914357142053,0.0736306641897915
"alpha",0.0659994321433437,5.44964999101504e-05,-0.00913536030330673,0.000191484708995438,0.00157987721248734,-0.00288934916462345
"beta",5.44964999101504e-05,0.000531241323472163,4.66827690774198e-05,0.000342765803393811,-0.00181739883320452,-0.000880815799312346
"gamma",-0.00913536030330673,4.66827690774198e-05,0.00833588436865769,-2.71153791297122e-05,0.000560457210736724,-0.00108587082169418
"delta",0.000191484708995438,0.000342765803393811,-2.71153791297122e-05,0.000715940631414851,-0.00188046574714315,-0.000854129124225536
"lambda",0.00157987721248734,-0.00181739883320452,0.000560457210736724,-0.00188046574714315,0.462486043457303,-0.0527696434202795
"luce",-0.00288934916462345,-0.000880815799312346,-0.00108587082169418,-0.000854129124225536,-0.0527696434202795,0.0410890588142312
"alpha",0.008060642204435,0.00182584310297394,0.0021380222528227,0.000413259604954203,0.00740105343899903,-0.0119485473258213
"beta",0.00182584310297394,0.004141366162729,0.00296867480239122,-0.000843871534411766,-0.0220900419230561,-0.00403644838585859
"gamma",0.0021380222528227,0.00296867480239122,0.0285119908227131,-0.000469603263957385,-0.0112075349106352,-0.00368151945938497
"delta",0.000413259604954203,-0.000843871534411766,-0.000469603263957385,0.000997610718164359,-0.00281783524465935,-0.00292112434373921
"lambda",0.00740105343899903,-0.0220900419230561,-0.0112075349106352,-0.00281783524465935,0.692547394636836,-0.0655071133132236
"luce",-0.0119485473258213,-0.00403644838585859,-0.00368151945938497,-0.00292112434373921,-0.0655071133132236,0.0659152884310065
"alpha",0.0164271623752287,0.00013188164238293,-0.0106197452660203,0.000298809383489754,0.00848882303053211,-0.00543855474433017
"beta",0.00013188164238293,0.00103081794765224,0.000739241177271288,0.000319290213323097,-0.00452319555706009,-0.00119798406789996
"gamma",-0.0106197452660203,0.000739241177271288,0.0480851408815356,-0.000588555462090081,-0.00313576767694738,0.000135603078157283
"delta",0.000298809383489754,0.000319290213323097,-0.000588555462090081,0.00105597358316404,-0.00109024442869201,-0.000677539402496026
"lambda",0.00848882303053211,-0.00452319555706009,-0.00313576767694738,-0.00109024442869201,0.19632233071086,-0.0519671520323553
"luce",-0.00543855474433017,-0.00119798406789996,0.000135603078157283,-0.000677539402496026,-0.0519671520323553,0.0347858315070294
"alpha",0.00713032973963065,0.00154370596041055,-0.00104963754711156,0.00271636516114618,0.0140999966030171,-0.0121867598877155
"beta",0.00154370596041055,0.00639049850954699,0.00055236704292043,0.000553790400268274,-0.0270028175481073,-0.00515386940130306
"gamma",-0.00104963754711156,0.00055236704292043,0.0207423276363494,-0.00476723326185563,-0.0115772451692003,0.000734343447961888
"delta",0.00271636516114618,0.000553790400268274,-0.00476723326185563,0.0293731269485888,-0.00417489158269218,-0.0123488610895884
"lambda",0.0140999966030171,-0.0270028175481073,-0.0115772451692003,-0.00417489158269218,0.747047348133754,-0.104494617527922
"luce",-0.0121867598877155,-0.00515386940130306,0.000734343447961888,-0.0123488610895884,-0.104494617527922,0.0686058359786488
"alpha",0.00275345896737762,-0.00146290358032506,-0.000352154038325633,0.00148456521849593,0.000508689851934849,-0.0117259880593465
"beta",-0.00146290358032506,0.0746210981615446,0.00101467386801072,-0.0108089023344323,0.00057561728392152,0.00545102112183628
"gamma",-0.000352154038325633,0.00101467386801072,0.0051534595539232,-0.000409346575493622,0.0017571117586084,-0.000303564385412468
"delta",0.00148456521849593,-0.0108089023344323,-0.000409346575493622,0.0104266517545926,-0.0270599428866325,-0.00643275694795189
"lambda",0.000508689851934849,0.00057561728392152,0.0017571117586084,-0.0270599428866325,1.39909120071855,0.000451207526708189
"luce",-0.0117259880593465,0.00545102112183628,-0.000303564385412468,-0.00643275694795189,0.000451207526708189,0.0645807112287849
"alpha",0.00140664572199865,-0.000157888575001776,-0.00028258667268838,9.41098993563887e-05,0.0151314633746889,-0.0050483733672382
"beta",-0.000157888575001776,0.000871898352269794,0.000102721400061245,0.000177078749304823,-0.0105842999382161,0.000873305858611921
"gamma",-0.00028258667268838,0.000102721400061245,0.000526484480767245,-7.19462210272297e-06,-0.000847781366977434,-0.000386493328900439
"delta",9.41098993563887e-05,0.000177078749304823,-7.19462210272297e-06,0.000409646379796357,-0.0023254332212042,-1.00213104012334e-05
"lambda",0.0151314633746889,-0.0105842999382161,-0.000847781366977434,-0.0023254332212042,0.310491959319844,-0.0757001119370342
"luce",-0.0050483733672382,0.000873305858611921,-0.000386493328900439,-1.00213104012334e-05,-0.0757001119370342,0.0421222046683838
"alpha",0.00196995109656987,-0.000742769219297016,-0.000357841360069224,0.00209214792827747,0.00182350913842921,-0.0062634546242428
"beta",-0.000742769219297016,0.045244246311949,0.00065736013126687,-0.0204653152210953,-0.0192202592092046,0.00074098343285962
"gamma",-0.000357841360069224,0.00065736013126687,0.00114153654394752,-0.000643885446290698,-0.000996484015507645,0.000752088854504184
"delta",0.00209214792827747,-0.0204653152210953,-0.000643885446290698,0.0302204053926107,-0.0440624630672591,-0.00580650537802215
"lambda",0.00182350913842921,-0.0192202592092046,-0.000996484015507645,-0.0440624630672591,1.28326557123918,-0.00716712375749596
"luce",-0.0062634546242428,0.00074098343285962,0.000752088854504184,-0.00580650537802215,-0.00716712375749596,0.0267027430261336
"alpha",0.0138095761877754,6.53938139409839e-05,-0.00726812212955319,-2.99705694343991e-05,0.0160223515414909,-0.00606411485167383
"beta",6.53938139409839e-05,0.000539924026948966,0.000752889256086089,2.89686417857202e-05,-0.00464075724768363,-0.000901180565712017
"gamma",-0.00726812212955319,0.000752889256086089,0.0410786807594613,-9.96854771619488e-05,-0.00142985160294144,-0.0044390921515479
"delta",-2.99705694343991e-05,2.89686417857202e-05,-9.96854771619488e-05,0.000346207963895816,0.000467050545532896,-0.000260712934660575
"lambda",0.0160223515414909,-0.00464075724768363,-0.00142985160294144,0.000467050545532896,0.649069476787826,-0.133681916316326
"luce",-0.00606411485167383,-0.000901180565712017,-0.0044390921515479,-0.000260712934660575,-0.133681916316326,0.0557762324255591
"alpha",0.00973027844503996,0.000459583472701785,0.00214342066596096,-5.2488044270077e-05,0.00810651424978066,-0.00574334392376285
"beta",0.000459583472701785,0.00189185014131553,0.00236462099243112,0.000568844754406956,-0.0134688246716889,-0.000946680660285708
"gamma",0.00214342066596096,0.00236462099243112,0.0535679441055088,-0.000259526026576545,-0.0176813966714964,-0.00119448888340074
"delta",-5.2488044270077e-05,0.000568844754406956,-0.000259526026576545,0.00165221352884175,-0.00406308127322101,-0.000926264748219255
"lambda",0.00810651424978066,-0.0134688246716889,-0.0176813966714964,-0.00406308127322101,0.384734386237261,-0.0911247284217399
"luce",-0.00574334392376285,-0.000946680660285708,-0.00119448888340074,-0.000926264748219255,-0.0911247284217399,0.051028748883319
"alpha",0.0304836019676114,3.80559907680615e-05,-0.00838905300265825,0.00355935884221938,0.0181368155416694,-0.00667580340768003
"beta",3.80559907680615e-05,0.00727672990184398,0.000680957371369948,-0.00142109073157128,-0.0445665893715932,-0.0070649618466261
"gamma",-0.00838905300265825,0.000680957371369948,0.00325577397492751,-0.000980731384975308,-0.00158422628476149,-0.00218784981455226
"delta",0.00355935884221938,-0.00142109073157128,-0.000980731384975308,0.00564151682834714,-0.00514331559135731,-0.00254145273479063
"lambda",0.0181368155416694,-0.0445665893715932,-0.00158422628476149,-0.00514331559135731,1.02680160466414,-0.0909075003877193
"luce",-0.00667580340768003,-0.0070649618466261,-0.00218784981455226,-0.00254145273479063,-0.0909075003877193,0.0715844450213829
"alpha",0.00266189889552765,0.000758956962833115,-0.000880780899942662,0.000944682903258075,0.00407512774578373,-0.00317360186749338
"beta",0.000758956962833115,0.00446660679804563,0.00144422170422972,-0.000343161729845005,-0.0233585769514977,-0.0016154450488263
"gamma",-0.000880780899942662,0.00144422170422972,0.0097832519571531,-0.000517129924905167,-0.00647898002918612,-0.000926665386534649
"delta",0.000944682903258075,-0.000343161729845005,-0.000517129924905167,0.00825202733745312,-0.00505947629159645,-0.00102050874455693
"lambda",0.00407512774578373,-0.0233585769514977,-0.00647898002918612,-0.00505947629159645,0.243401152364498,-0.0117249277881078
"luce",-0.00317360186749338,-0.0016154450488263,-0.000926665386534649,-0.00102050874455693,-0.0117249277881078,0.010267462566441
"alpha",0.00159775429976901,-8.67233897827286e-06,-0.000317820873189077,0.000531393898753287,0.0213316303891314,-0.00705437025439014
"beta",-8.67233897827286e-06,0.00315349936739186,0.000732425733116706,0.000143208522728261,-0.0394390854513575,0.000120354769394396
"gamma",-0.000317820873189077,0.000732425733116706,0.00378918922104997,-0.00041154706668251,-0.00967012592894442,-7.93155924548408e-06
"delta",0.000531393898753287,0.000143208522728261,-0.00041154706668251,0.00343834885564105,-0.00589490676721112,-0.00149724988228726
"lambda",0.0213316303891314,-0.0394390854513575,-0.00967012592894442,-0.00589490676721112,0.951688854429171,-0.115429813322194
"luce",-0.00705437025439014,0.000120354769394396,-7.93155924548408e-06,-0.00149724988228726,-0.115429813322194,0.0438032912517897
"alpha",0.0455072924497721,-0.000839379422092679,-0.0161726413985576,0.00110748856578652,0.00742865278763359,-0.0187484918203096
"beta",-0.000839379422092679,0.00677736686385034,0.00102223823866787,-0.00110208057462777,-0.0235758383524812,-0.00150180382880156
"gamma",-0.0161726413985576,0.00102223823866787,0.0156087452441844,-0.000481769677910382,0.00672377343011513,0.00309562909777984
"delta",0.00110748856578652,-0.00110208057462777,-0.000481769677910382,0.000764259395011634,-0.0125130029778689,-0.00238572149387094
"lambda",0.00742865278763359,-0.0235758383524812,0.00672377343011513,-0.0125130029778689,1.14536678186226,-0.0864997377552941
"luce",-0.0187484918203096,-0.00150180382880156,0.00309562909777984,-0.00238572149387094,-0.0864997377552941,0.0797025372810138
"alpha",0.00474283362086449,0.000774578780018288,0.00163953349801104,-0.000135036135916056,-0.00251809018132818,-0.00335908528732493
"beta",0.000774578780018288,0.00108743215603748,0.000523026902529455,-0.000126724491530716,-0.00911455569880833,-0.00236054381838713
"gamma",0.00163953349801104,0.000523026902529455,0.0240137258873544,-0.00113680136622728,-0.00804240817059179,-0.00165045716536693
"delta",-0.000135036135916056,-0.000126724491530716,-0.00113680136622728,0.0049389076819205,-0.0029827926586905,-0.000859753450303841
"lambda",-0.00251809018132818,-0.00911455569880833,-0.00804240817059179,-0.0029827926586905,0.326984147115318,-0.017098380916705
"luce",-0.00335908528732493,-0.00236054381838713,-0.00165045716536693,-0.000859753450303841,-0.017098380916705,0.0246762413128363
"alpha",0.00121942806939605,9.83731692174672e-05,-0.000181784474849527,0.000281557393094513,0.00877089427427034,-0.00489192324611741
"beta",9.83731692174672e-05,0.00181964846229426,0.000122491020742396,-0.000688074579425484,-0.00861660449206587,-0.000670001517330847
"gamma",-0.000181784474849527,0.000122491020742396,0.000886180584247385,-6.94006613713133e-05,-0.00157874442171176,0.000487343106404424
"delta",0.000281557393094513,-0.000688074579425484,-6.94006613713133e-05,0.000590095944845826,-0.00199355811659855,-0.000821628962619396
"lambda",0.00877089427427034,-0.00861660449206587,-0.00157874442171176,-0.00199355811659855,0.397360128622396,-0.0418689033569799
"luce",-0.00489192324611741,-0.000670001517330847,0.000487343106404424,-0.000821628962619396,-0.0418689033569799,0.0314836530238956
"alpha",0.00347574471237371,0.000894563550150177,-0.000129595267291382,0.00109397296009243,0.0233144416888253,-0.010768588374159
"beta",0.000894563550150177,0.00266406247043921,0.000779447213346667,0.000169994991909016,-0.0231424109893709,-0.00264128753252386
"gamma",-0.000129595267291382,0.000779447213346667,0.01144450798302,-0.00118141303746911,-0.0158481205650218,0.00129091537131198
"delta",0.00109397296009243,0.000169994991909016,-0.00118141303746911,0.010059334516413,-0.000294823126509151,-0.00456465300659691
"lambda",0.0233144416888253,-0.0231424109893709,-0.0158481205650218,-0.000294823126509151,0.912534539230134,-0.144451629440708
"luce",-0.010768588374159,-0.00264128753252386,0.00129091537131198,-0.00456465300659691,-0.144451629440708,0.0604162623714032
"alpha",0.00486075987676403,1.35008193145185e-05,-0.00204309242252378,0.000147704674781249,0.0171197123432523,-0.00639170957205801
"beta",1.35008193145185e-05,0.0011504693411192,6.28838992899436e-05,-0.000132342202097047,-0.0119687699072272,-0.000463239397991693
"gamma",-0.00204309242252378,6.28838992899436e-05,0.00145807845474976,-2.84840072339912e-05,0.00237017150630703,-0.000546338901068901
"delta",0.000147704674781249,-0.000132342202097047,-2.84840072339912e-05,0.000157938570055965,9.67692824396142e-05,-0.000387228212281138
"lambda",0.0171197123432523,-0.0119687699072272,0.00237017150630703,9.67692824396142e-05,0.622605699101746,-0.100486931766484
"luce",-0.00639170957205801,-0.000463239397991693,-0.000546338901068901,-0.000387228212281138,-0.100486931766484,0.0434389334232639
"alpha",0.0129764886239209,9.95165900144935e-06,-0.00357446602813757,2.33964966179197e-05,0.0415076360120477,-0.0144184877452846
"beta",9.95165900144935e-06,0.000565118722393514,0.000828286551867502,-8.54033520020123e-05,-0.0045894197895899,-3.79502919696051e-05
"gamma",-0.00357446602813757,0.000828286551867502,0.0285324996813015,-0.000120285342686048,-0.0139372925842182,0.00254825430455459
"delta",2.33964966179197e-05,-8.54033520020123e-05,-0.000120285342686048,0.00010997387406776,0.000414259196174986,-4.37681410098612e-05
"lambda",0.0415076360120477,-0.0045894197895899,-0.0139372925842182,0.000414259196174986,0.855937569641877,-0.187335995578331
"luce",-0.0144184877452846,-3.79502919696051e-05,0.00254825430455459,-4.37681410098612e-05,-0.187335995578331,0.0696229367512917
"alpha",0.00687742758304177,0.00149143232745073,-0.000381764554932841,0.000702505577907505,0.00348980018008447,-0.0104277329800028
"beta",0.00149143232745073,0.0227551584950104,0.00597813738018348,-0.00717227832744358,-0.0586422575624248,-0.000490476159884277
"gamma",-0.000381764554932841,0.00597813738018348,0.0221214150375596,-0.00321745609607941,-0.0210493007184331,0.0015999795598132
"delta",0.000702505577907505,-0.00717227832744358,-0.00321745609607941,0.00722646961087455,-0.0142147975196395,-0.00873937490049375
"lambda",0.00348980018008447,-0.0586422575624248,-0.0210493007184331,-0.0142147975196395,1.24380455076645,-0.0484957245525374
"luce",-0.0104277329800028,-0.000490476159884277,0.0015999795598132,-0.00873937490049375,-0.0484957245525374,0.0784246898010386
