"","alpha","beta","gamma","delta","lambda","luce"
"",0,0,0,0,0,0
"alpha",0.0548124923627949,0.00190384519678283,0.00388954141320735,0.000214428046620353,0.0300952363270225,-0.0187762805152883
"beta",0.00190384519678283,0.00890385213517983,0.000268965325668535,-0.000681153443874249,-0.0105521373717951,-0.00181069321216661
"gamma",0.00388954141320735,0.000268965325668535,0.0283808728913581,0.000295996756515807,-0.00117166882724869,0.00174506264632013
"delta",0.000214428046620353,-0.000681153443874249,0.000295996756515807,0.00668517520710344,0.00430488566742897,0.00136563227800753
"lambda",0.0300952363270225,-0.0105521373717951,-0.00117166882724869,0.00430488566742897,0.774900051774848,-0.10275430512717
"luce",-0.0187762805152883,-0.00181069321216661,0.00174506264632013,0.00136563227800753,-0.10275430512717,0.0605065819077147
"alpha",0.0659573829639991,0.00436680013866734,-0.0015244496655078,-0.00065096925365539,0.0520520589312977,-0.0251514682167631
"beta",0.00436680013866734,0.0434859636059042,-0.000326153925569218,-0.00630502770772947,-0.0911133986472787,-0.00960706927997403
"gamma",-0.0015244496655078,-0.000326153925569218,0.0270995436520289,8.47357047440817e-05,0.00116149100980905,0.000778469527075979
"delta",-0.00065096925365539,-0.00630502770772947,8.47357047440817e-05,0.0174058551006173,0.011128761642095,0.00182971199458862
"lambda",0.0520520589312977,-0.0911133986472787,0.00116149100980905,0.011128761642095,1.01612088954892,-0.135322601134112
"luce",-0.0251514682167631,-0.00960706927997403,0.000778469527075979,0.00182971199458862,-0.135322601134112,0.0638280335989242
"alpha",0.0646937667650465,0.00405153324973297,0.00108566957836196,0.000195348038288443,0.0377915086203176,-0.0213569887129912
"beta",0.00405153324973297,0.0229982412783361,-0.000332146956784352,-0.00286860763110739,-0.0516456572542941,-0.00722249813922594
"gamma",0.00108566957836196,-0.000332146956784352,0.044566104386598,-0.000623872926196551,-0.00655302456418254,0.00379245056296161
"delta",0.000195348038288443,-0.00286860763110739,-0.000623872926196551,0.0100117307374671,0.00741469608596068,0.00311216638840714
"lambda",0.0377915086203176,-0.0516456572542941,-0.00655302456418254,0.00741469608596068,0.929603424132424,-0.133889343560468
"luce",-0.0213569887129912,-0.00722249813922594,0.00379245056296161,0.00311216638840714,-0.133889343560468,0.0654594579619885
"alpha",0.0544821827526867,0.000160220741243305,0.0064661863935179,-0.00102041934721725,-0.000591210833400547,-0.00747892550922219
"beta",0.000160220741243305,0.04660496518338,-0.000434605032391789,0.000440294786697943,-0.0498974420259786,-0.00404704097912003
"gamma",0.0064661863935179,-0.000434605032391789,0.0406329492060726,0.00169445432774686,-0.00347406849944019,0.00135849474658567
"delta",-0.00102041934721725,0.000440294786697943,0.00169445432774686,0.0289255929858224,0.0142488550263532,-0.000343647257270606
"lambda",-0.000591210833400547,-0.0498974420259786,-0.00347406849944019,0.0142488550263532,0.417208452802634,-0.0220632557336395
"luce",-0.00747892550922219,-0.00404704097912003,0.00135849474658567,-0.000343647257270606,-0.0220632557336395,0.0152530285220972
"alpha",0.0425811125126219,0.0010238371513451,-0.00750012181577658,-0.00168366782615445,0.00597022543196947,-0.00547436715212594
"beta",0.0010238371513451,0.0361099286842021,0.000773358117533728,-0.00184143001250141,-0.0863669777733723,-0.0100434321511798
"gamma",-0.00750012181577658,0.000773358117533728,0.0188364587930757,0.000190012070541677,0.0104227527271581,0.000167007290610823
"delta",-0.00168366782615445,-0.00184143001250141,0.000190012070541677,0.0121048249440017,0.0225315388893825,0.00226832201773633
"lambda",0.00597022543196947,-0.0863669777733723,0.0104227527271581,0.0225315388893825,0.806447572329918,-0.0290406666124992
"luce",-0.00547436715212594,-0.0100434321511798,0.000167007290610823,0.00226832201773633,-0.0290406666124992,0.0384398762077861
"alpha",0.0542886674300854,0.00125981202813499,0.0017148588639094,-0.000599669139308729,-0.00108846142133716,-0.00796402860741991
"beta",0.00125981202813499,0.044195605001006,-0.00243713692484011,-0.00169985932462575,-0.0341785557584532,-0.0070164810254221
"gamma",0.0017148588639094,-0.00243713692484011,0.0385777261513964,0.00135502934326577,-0.00484132145413139,0.00324075834752452
"delta",-0.000599669139308729,-0.00169985932462575,0.00135502934326577,0.028488832284246,0.000191196516443136,0.000778235768449264
"lambda",-0.00108846142133716,-0.0341785557584532,-0.00484132145413139,0.000191196516443136,0.277761744744634,-0.0292382586846702
"luce",-0.00796402860741991,-0.0070164810254221,0.00324075834752452,0.000778235768449264,-0.0292382586846702,0.025402657752625
"alpha",0.054734688019256,0.00234437400386041,-0.00245368777084017,-0.000493647102102829,0.0299274463529655,-0.0223375792829273
"beta",0.00234437400386041,0.0566992322276013,-8.85917123402204e-05,-0.000900748277099822,-0.0732990305127246,-0.00891723602281754
"gamma",-0.00245368777084017,-8.85917123402204e-05,0.0240243503407663,0.00031959650405984,-0.00381413918925712,0.0026881049772722
"delta",-0.000493647102102829,-0.000900748277099822,0.00031959650405984,0.00792431487051129,0.00866093744788649,-0.000573414570477908
"lambda",0.0299274463529655,-0.0732990305127246,-0.00381413918925712,0.00866093744788649,0.692925755799015,-0.119989809145991
"luce",-0.0223375792829273,-0.00891723602281754,0.0026881049772722,-0.000573414570477908,-0.119989809145991,0.0647376310587094
"alpha",0.0339177551379382,0.00233694611179904,9.60931538863329e-05,-0.00267708678190929,0.00384077705102305,-0.0134116918971028
"beta",0.00233694611179904,0.0224380744861898,-0.000186006621868869,-0.000534275405560205,-0.00459150408837646,-0.00534237254379509
"gamma",9.60931538863329e-05,-0.000186006621868869,0.00485867817506695,0.000659853903007801,-0.000367405754506406,0.000357469891560577
"delta",-0.00267708678190929,-0.000534275405560205,0.000659853903007801,0.0529393736322169,0.00331955312849412,0.00282668390593707
"lambda",0.00384077705102305,-0.00459150408837646,-0.000367405754506406,0.00331955312849412,0.0653708905783082,-0.0119286815791981
"luce",-0.0134116918971028,-0.00534237254379509,0.000357469891560577,0.00282668390593707,-0.0119286815791981,0.0287889056877954
"alpha",0.0653839783779915,0.00273381828732176,0.00277511835709763,-0.00102629929126544,0.0290102500948775,-0.0156605618890016
"beta",0.00273381828732176,0.0598436852287232,-0.00127010442868852,-0.00119008067825983,-0.127607743579697,-0.00403160227245276
"gamma",0.00277511835709763,-0.00127010442868852,0.0460842695759513,0.000574743342042532,-0.0174576712432336,0.00380147515624513
"delta",-0.00102629929126544,-0.00119008067825983,0.000574743342042532,0.00604366184741453,0.00821028979835006,-0.000527071287651871
"lambda",0.0290102500948775,-0.127607743579697,-0.0174576712432336,0.00821028979835006,0.974958408040268,-0.0818849493500396
"luce",-0.0156605618890016,-0.00403160227245276,0.00380147515624513,-0.000527071287651871,-0.0818849493500396,0.0314107622589596
"alpha",0.0430815044790409,0.00188753404282272,0.00243945146311006,0.000214780906132229,0.00663657642274005,-0.0119114724154267
"beta",0.00188753404282272,0.0692165412446568,0.000986069137123102,-0.00394680811696066,-0.0678246719907921,-0.00795950663807744
"gamma",0.00243945146311006,0.000986069137123102,0.00886000283883927,0.00086898763255239,-0.000260477113285,0.00183094093952989
"delta",0.000214780906132229,-0.00394680811696066,0.00086898763255239,0.00348697175915919,-0.00273848104486994,-0.000140592230818413
"lambda",0.00663657642274005,-0.0678246719907921,-0.000260477113285,-0.00273848104486994,0.798397488252398,-0.0339337134857029
"luce",-0.0119114724154267,-0.00795950663807744,0.00183094093952989,-0.000140592230818413,-0.0339337134857029,0.0378852054045004
"alpha",0.0450481381156866,0.00241908773565943,-0.00183224503353889,-0.000485129851072171,0.00671469658200154,-0.0136013548595425
"beta",0.00241908773565943,0.0718408322273658,0.000938091002719194,-0.00278526900584179,-0.05926424954649,-0.00675030094848771
"gamma",-0.00183224503353889,0.000938091002719194,0.0228545964125935,0.00032375492303274,0.00270334972504523,0.00183226143756453
"delta",-0.000485129851072171,-0.00278526900584179,0.00032375492303274,0.00560542940772045,-0.000696751098645441,-0.00188906484861561
"lambda",0.00671469658200154,-0.05926424954649,0.00270334972504523,-0.000696751098645441,0.94138211168903,-0.047277588976295
"luce",-0.0136013548595425,-0.00675030094848771,0.00183226143756453,-0.00188906484861561,-0.047277588976295,0.0486987567408634
"alpha",0.0669772793846355,0.00437258592324735,-0.00318092503005126,-0.00245323049656159,0.0456983341729329,-0.0259981082389406
"beta",0.00437258592324735,0.0654853606909315,-0.00079638237073742,-0.00231590782347395,-0.116895786980166,-0.00630856739713759
"gamma",-0.00318092503005126,-0.00079638237073742,0.0392834268649965,0.00364327055758703,0.0137489736493278,-0.000975657449215032
"delta",-0.00245323049656159,-0.00231590782347395,0.00364327055758703,0.00977448000207442,0.0253208002600073,-0.00177369166736519
"lambda",0.0456983341729329,-0.116895786980166,0.0137489736493278,0.0253208002600073,0.965214309351772,-0.112288724049517
"luce",-0.0259981082389406,-0.00630856739713759,-0.000975657449215032,-0.00177369166736519,-0.112288724049517,0.0490129461685099
"alpha",0.0568164230413572,0.00049825266029786,-0.00778316241200629,0.00125359189076034,0.0376618781641815,-0.0209905832380694
"beta",0.00049825266029786,0.0506160770897062,1.77100450360748e-05,-0.0038008589014021,-0.108358218605248,-0.00534930091627884
"gamma",-0.00778316241200629,1.77100450360748e-05,0.0274822256386203,-0.00112303521585338,0.00150261177532476,0.00207090098242797
"delta",0.00125359189076034,-0.0038008589014021,-0.00112303521585338,0.00932500771246816,0.00999281732618546,0.00120687768736127
"lambda",0.0376618781641815,-0.108358218605248,0.00150261177532476,0.00999281732618546,0.903158774996197,-0.118507584813494
"luce",-0.0209905832380694,-0.00534930091627884,0.00207090098242797,0.00120687768736127,-0.118507584813494,0.0638708445561465
"alpha",0.0475360194528271,0.00547991000176154,-0.000877477870052554,0.00182373368303789,0.0249587625459052,-0.0178831591560873
"beta",0.00547991000176154,0.0638422108155477,-0.00102278267459811,0.00175439422197213,-0.0916577087765798,-0.0119979376528643
"gamma",-0.000877477870052554,-0.00102278267459811,0.0165888425343095,0.00120177753309872,0.00151404580595824,0.0023893881258679
"delta",0.00182373368303789,0.00175439422197213,0.00120177753309872,0.0118776486058079,0.0142870638577879,0.00121725771083437
"lambda",0.0249587625459052,-0.0916577087765798,0.00151404580595824,0.0142870638577879,0.668964703962332,-0.0841343691739518
"luce",-0.0178831591560873,-0.0119979376528643,0.0023893881258679,0.00121725771083437,-0.0841343691739518,0.0543716162153751
"alpha",0.0524250455511292,0.00238146715925339,-0.00753313909137363,-0.00102801854494914,0.0151014891347884,-0.0128815811778414
"beta",0.00238146715925339,0.0145487896330191,-0.000341065720007234,-0.00275610559486093,-0.0171781149063754,-0.00673986097143985
"gamma",-0.00753313909137363,-0.000341065720007234,0.0332389960205624,-0.000217210470878222,-0.0072186806167964,0.00688393987097398
"delta",-0.00102801854494914,-0.00275610559486093,-0.000217210470878222,0.00876036020973677,0.00101987122906762,0.0018965680375446
"lambda",0.0151014891347884,-0.0171781149063754,-0.0072186806167964,0.00101987122906762,0.592183773550799,-0.0683822927996649
"luce",-0.0128815811778414,-0.00673986097143985,0.00688393987097398,0.0018965680375446,-0.0683822927996649,0.0599442601515161
"alpha",0.0482373085759548,0.00305510329934513,0.00313759992019897,0.00170611271678152,0.00528180290913127,-0.0101952050581658
"beta",0.00305510329934513,0.0587059995776461,-0.00151562608081683,-0.00817400062338722,-0.111183363922112,-0.00699291401068929
"gamma",0.00313759992019897,-0.00151562608081683,0.0513335495060549,0.00145672277184367,-0.00859997995053865,0.00450547524895569
"delta",0.00170611271678152,-0.00817400062338722,0.00145672277184367,0.0242784257112877,0.0200473644392982,0.000680567430598389
"lambda",0.00528180290913127,-0.111183363922112,-0.00859997995053865,0.0200473644392982,0.849846015660439,-0.0669884495894494
"luce",-0.0101952050581658,-0.00699291401068929,0.00450547524895569,0.000680567430598389,-0.0669884495894494,0.0329010968427052
"alpha",0.018682338039091,-0.000494381995592477,-0.00293547342697044,0.000190284740099625,0.00799930067837582,-0.000126329594760469
"beta",-0.000494381995592477,0.0226077086031576,0.000297834637827218,-0.000353217843960636,-0.064704288481003,-0.00425405343343943
"gamma",-0.00293547342697044,0.000297834637827218,0.0218262156197903,0.000144713258657702,0.00722952348463382,0.000774414702235911
"delta",0.000190284740099625,-0.000353217843960636,0.000144713258657702,0.00652826612661798,0.015049588612434,0.0012930323886008
"lambda",0.00799930067837582,-0.064704288481003,0.00722952348463382,0.015049588612434,0.789570519987263,-0.0170501066003679
"luce",-0.000126329594760469,-0.00425405343343943,0.000774414702235911,0.0012930323886008,-0.0170501066003679,0.0256841200621177
"alpha",0.0335500320432553,0.00269448213704132,-0.00149738496005498,-0.00140437588399979,0.0219069918723137,-0.0122778307056727
"beta",0.00269448213704132,0.0440603940916947,0.00076868157786018,-0.00859827121263991,-0.0941602683401044,-0.00837214898697533
"gamma",-0.00149738496005498,0.00076868157786018,0.0500917325050234,0.000542873126819562,0.00751869491166573,0.000103414649037975
"delta",-0.00140437588399979,-0.00859827121263991,0.000542873126819562,0.0159661955163025,0.0245159765346461,0.00254212923514876
"lambda",0.0219069918723137,-0.0941602683401044,0.00751869491166573,0.0245159765346461,1.07404204913803,-0.115561495060496
"luce",-0.0122778307056727,-0.00837214898697533,0.000103414649037975,0.00254212923514876,-0.115561495060496,0.0534101683263362
"alpha",0.0552752670067709,0.00246278416856588,0.000787400964695021,-0.000800488885389534,0.0369028896968137,-0.0190850789646861
"beta",0.00246278416856588,0.0520980508560349,0.000552441913107801,-0.00849773132539206,-0.110349584430276,-0.00700571318996879
"gamma",0.000787400964695021,0.000552441913107801,0.0101963228902772,-0.000132642524467225,-0.00370004969099185,0.00233092949251161
"delta",-0.000800488885389534,-0.00849773132539206,-0.000132642524467225,0.0150513112655154,0.0241544821000968,0.0014765714052656
"lambda",0.0369028896968137,-0.110349584430276,-0.00370004969099185,0.0241544821000968,0.991408177010424,-0.121626329783264
"luce",-0.0190850789646861,-0.00700571318996879,0.00233092949251161,0.0014765714052656,-0.121626329783264,0.0587292850815913
"alpha",0.0362727795067282,0.00225378545724008,-0.00439301338398367,-0.000124184060210323,0.018231825103122,-0.0170254510548697
"beta",0.00225378545724008,0.0715153384551735,-0.00230475764413422,-0.00193792703515693,-0.0461162888443621,-0.011567915741369
"gamma",-0.00439301338398367,-0.00230475764413422,0.0391455743390381,0.00118237897658343,-0.00467096623691038,0.00797790526809481
"delta",-0.000124184060210323,-0.00193792703515693,0.00118237897658343,0.00532493805497692,-0.000411589155670203,-0.00140178209958712
"lambda",0.018231825103122,-0.0461162888443621,-0.00467096623691038,-0.000411589155670203,0.801617338955233,-0.0576620879014535
"luce",-0.0170254510548697,-0.011567915741369,0.00797790526809481,-0.00140178209958712,-0.0576620879014535,0.0643664392492169
"alpha",0.0494690266538927,0.000851184180018026,-0.00079956312334492,0.00051201894912495,0.0456610525000828,-0.0248139875318381
"beta",0.000851184180018026,0.0219226362053237,0.000360816443411026,-0.00559349662053085,-0.0267486325690452,-0.00278336987615204
"gamma",-0.00079956312334492,0.000360816443411026,0.0195873830183109,-7.35628285773308e-05,-0.000317054407393352,0.000882641002963642
"delta",0.00051201894912495,-0.00559349662053085,-7.35628285773308e-05,0.0154969852744673,-0.00327165709285064,0.000480026749884409
"lambda",0.0456610525000828,-0.0267486325690452,-0.000317054407393352,-0.00327165709285064,0.568762517881043,-0.124630036691844
"luce",-0.0248139875318381,-0.00278336987615204,0.000882641002963642,0.000480026749884409,-0.124630036691844,0.0657645757689902
"alpha",0.0413278905019886,0.00115600915551983,-0.000457200211797868,0.000663871847576418,0.0064537393494085,-0.00534439914178808
"beta",0.00115600915551983,0.0303081644885477,0.000725513437962609,-0.00839257974601848,-0.0540096776129746,-0.00794323005727296
"gamma",-0.000457200211797868,0.000725513437962609,0.0253870776470088,0.000247345847601546,-0.00248627126789032,0.00205833273016976
"delta",0.000663871847576418,-0.00839257974601848,0.000247345847601546,0.0102844692032703,0.0191313143788735,0.00358834427852951
"lambda",0.0064537393494085,-0.0540096776129746,-0.00248627126789032,0.0191313143788735,0.534564183635788,-0.01270808330455
"luce",-0.00534439914178808,-0.00794323005727296,0.00205833273016976,0.00358834427852951,-0.01270808330455,0.0326407281749176
"alpha",0.0594099709855564,0.00412473175383126,-0.00095672939834225,-0.00051199916702712,0.0435598015523453,-0.0224487490119151
"beta",0.00412473175383126,0.0628631866678319,0.000134316792492598,-0.00302672158680602,-0.0822411824161517,-0.0139338422487731
"gamma",-0.00095672939834225,0.000134316792492598,0.0226602796940652,0.000255414253656142,0.00313463480807983,0.00161595254280875
"delta",-0.00051199916702712,-0.00302672158680602,0.000255414253656142,0.0041726221990024,0.00302504861428221,0.00168374990526799
"lambda",0.0435598015523453,-0.0822411824161517,0.00313463480807983,0.00302504861428221,0.974407280819114,-0.130930571519704
"luce",-0.0224487490119151,-0.0139338422487731,0.00161595254280875,0.00168374990526799,-0.130930571519704,0.065821997313104
"alpha",0.0506909679781087,0.000207116744526844,0.00348675185386485,0.000353235653495136,0.0178529392325131,-0.0215821303908264
"beta",0.000207116744526844,0.0706057760763868,-0.000619567804813504,-0.00109236711848926,-0.0546387471320314,-0.00613761160020001
"gamma",0.00348675185386485,-0.000619567804813504,0.017945143404353,0.00044591794940778,-0.0111696748012922,0.00472288394350806
"delta",0.000353235653495136,-0.00109236711848926,0.00044591794940778,0.00286953159993609,-0.00393949049035607,-0.000810895216250129
"lambda",0.0178529392325131,-0.0546387471320314,-0.0111696748012922,-0.00393949049035607,0.95294864946293,-0.0458403399548635
"luce",-0.0215821303908264,-0.00613761160020001,0.00472288394350806,-0.000810895216250129,-0.0458403399548635,0.0521715304208902
"alpha",0.0583869355061187,0.00270800706146614,0.00591068407766439,0.000222577420413992,0.00113368366583329,-0.0075642299854168
"beta",0.00270800706146614,0.0581575511051346,0.000941813453352793,-0.00548352685106883,-0.0393084108255678,-0.00887350798626209
"gamma",0.00591068407766439,0.000941813453352793,0.0184427760136309,0.000667428107421941,-0.00216083886682397,0.00441188875674405
"delta",0.000222577420413992,-0.00548352685106883,0.000667428107421941,0.0035680752600534,0.00137536364850968,0.000581997938907093
"lambda",0.00113368366583329,-0.0393084108255678,-0.00216083886682397,0.00137536364850968,0.516387206667289,-0.018908772601794
"luce",-0.0075642299854168,-0.00887350798626209,0.00441188875674405,0.000581997938907093,-0.018908772601794,0.0350739482950926
"alpha",0.033918634916116,0.00243657515512897,-0.00104584575481603,0.000519461359613924,0.0131163560074212,-0.00887465092728451
"beta",0.00243657515512897,0.0619840646909775,-0.00296910402850696,-0.00161613672005605,-0.09016131045478,-0.00871760192596172
"gamma",-0.00104584575481603,-0.00296910402850696,0.0510933551209352,0.00240073860597139,-0.00222533040504654,0.00387093858162374
"delta",0.000519461359613924,-0.00161613672005605,0.00240073860597139,0.0120935404586499,0.0193681639774061,0.000168100075351531
"lambda",0.0131163560074212,-0.09016131045478,-0.00222533040504654,0.0193681639774061,0.604203751188946,-0.0498230236892204
"luce",-0.00887465092728451,-0.00871760192596172,0.00387093858162374,0.000168100075351531,-0.0498230236892204,0.030218181989756
"alpha",0.0364057199453576,-0.00190079638094288,0.000179366304893505,0.000115507854806277,0.00747655359217619,-0.0040765203162381
"beta",-0.00190079638094288,0.0538855801021167,-1.84110899427504e-05,-0.0054582116666653,-0.0265737678651901,-0.00319360871550178
"gamma",0.000179366304893505,-1.84110899427504e-05,0.00567986735718757,3.54253267831313e-06,0.000106039730850988,0.000394941612886419
"delta",0.000115507854806277,-0.0054582116666653,3.54253267831313e-06,0.00292355040118293,0.0025816476775339,0.0003571642452925
"lambda",0.00747655359217619,-0.0265737678651901,0.000106039730850988,0.0025816476775339,0.399298081536413,-0.00762157232051761
"luce",-0.0040765203162381,-0.00319360871550178,0.000394941612886419,0.0003571642452925,-0.00762157232051761,0.0186164221783605
"alpha",0.0336722079504662,0.00425067192622429,-0.00155183028170619,-0.000526997811987683,0.028220754272643,-0.0155780525388883
"beta",0.00425067192622429,0.0686230546786469,0.000405538548888082,-0.000708026609886244,-0.120109361510026,-0.0112307290586113
"gamma",-0.00155183028170619,0.000405538548888082,0.0311205274858801,0.00272186872130955,-0.00631093612962751,0.00554338628296966
"delta",-0.000526997811987683,-0.000708026609886244,0.00272186872130955,0.00783039994006416,0.0126073968194751,-0.000485532991243218
"lambda",0.028220754272643,-0.120109361510026,-0.00631093612962751,0.0126073968194751,1.05807881685699,-0.107604668632478
"luce",-0.0155780525388883,-0.0112307290586113,0.00554338628296966,-0.000485532991243218,-0.107604668632478,0.0547197838295902
"alpha",0.0468676617521788,0.00639020863674078,-0.000763228895274181,-0.00137958806910086,0.0302404130238855,-0.0213498273234888
"beta",0.00639020863674078,0.0644967842140233,-0.000278615522250926,-0.000859092438603553,-0.0828242480404827,-0.0144328563620906
"gamma",-0.000763228895274181,-0.000278615522250926,0.0422323544084744,0.00240617053940385,-0.00474624431116299,0.00586323331300943
"delta",-0.00137958806910086,-0.000859092438603553,0.00240617053940385,0.00554209538501177,0.00724924539395838,0.000167474582749061
"lambda",0.0302404130238855,-0.0828242480404827,-0.00474624431116299,0.00724924539395838,0.942079560821533,-0.117483797244609
"luce",-0.0213498273234888,-0.0144328563620906,0.00586323331300943,0.000167474582749061,-0.117483797244609,0.0616856259205553
"alpha",0.04231879107539,0.00644190388161552,-0.00205579111575915,0.0010374249649158,0.0163126146671226,-0.0178931324346359
"beta",0.00644190388161552,0.0542431223261423,-0.00152365100655892,-0.00378010844608665,-0.0383456799568418,-0.0188125838753508
"gamma",-0.00205579111575915,-0.00152365100655892,0.0275574176039259,6.95234144419269e-05,-0.00294645054061307,0.00513665752665815
"delta",0.0010374249649158,-0.00378010844608665,6.95234144419269e-05,0.00316854193639874,-0.00376726899156268,-0.00342323406208855
"lambda",0.0163126146671226,-0.0383456799568418,-0.00294645054061307,-0.00376726899156268,0.619170576317683,-0.0555281000946458
"luce",-0.0178931324346359,-0.0188125838753508,0.00513665752665815,-0.00342323406208855,-0.0555281000946458,0.065171747902487
"alpha",0.0400742420378021,0.00293101660430339,0.00349517141554177,-0.000866977996735299,0.0120398502094275,-0.0103978904734114
"beta",0.00293101660430339,0.0405299103793104,-0.000218932292121554,-0.00439821158971629,-0.0892634259188553,-0.00576840998833475
"gamma",0.00349517141554177,-0.000218932292121554,0.0370651237349397,-0.000517030285697655,-0.00775543967116307,0.00302106771419172
"delta",-0.000866977996735299,-0.00439821158971629,-0.000517030285697655,0.0218251132644386,0.0228716540525249,0.00044962461711045
"lambda",0.0120398502094275,-0.0892634259188553,-0.00775543967116307,0.0228716540525249,1.02538692672488,-0.091504602907806
"luce",-0.0103978904734114,-0.00576840998833475,0.00302106771419172,0.00044962461711045,-0.091504602907806,0.0396419677482069
"alpha",0.0684782925537815,0.00854103746037424,0.00554080608098704,-0.000527207524426492,0.0149557184068966,-0.0163863794903792
"beta",0.00854103746037424,0.0459628222380084,-0.000602003530858749,-0.00304444358649594,-0.047124119352207,-0.0165625520154741
"gamma",0.00554080608098704,-0.000602003530858749,0.0479874580823118,0.00285515341854992,-0.0007305246344235,0.00807130817837435
"delta",-0.000527207524426492,-0.00304444358649594,0.00285515341854992,0.00498669010527532,0.00680538050465408,0.00149542435328947
"lambda",0.0149557184068966,-0.047124119352207,-0.0007305246344235,0.00680538050465408,0.735804891604619,-0.0851507701424663
"luce",-0.0163863794903792,-0.0165625520154741,0.00807130817837435,0.00149542435328947,-0.0851507701424663,0.0516328355898787
"alpha",0.0548593381286536,0.00300163335822571,8.55143608072076e-05,0.000248829928934676,0.0113315826040661,-0.0152563832196471
"beta",0.00300163335822571,0.0200636560823746,0.000533515193964903,-0.00406726813963445,-0.0346345596541627,-0.00550189416652052
"gamma",8.55143608072076e-05,0.000533515193964903,0.00502112279463491,3.63298180307729e-05,-0.00354024402450828,-0.000618291604682419
"delta",0.000248829928934676,-0.00406726813963445,3.63298180307729e-05,0.0101166677145363,0.00971042456969546,0.00117056485030555
"lambda",0.0113315826040661,-0.0346345596541627,-0.00354024402450828,0.00971042456969546,0.660301176767401,-0.0455927802444376
"luce",-0.0152563832196471,-0.00550189416652052,-0.000618291604682419,0.00117056485030555,-0.0455927802444376,0.0397274858273029
"alpha",0.053835234266314,0.0100674495566855,-0.00189805324313215,-0.000394999823510414,0.037195272246857,-0.0222502631363564
"beta",0.0100674495566855,0.0652877229479621,-0.0010690625786625,-0.00558058313679047,-0.0737777917934224,-0.0229068643824405
"gamma",-0.00189805324313215,-0.0010690625786625,0.0299208114961563,0.000815164658889216,-0.00328828941426636,0.00414065069830578
"delta",-0.000394999823510414,-0.00558058313679047,0.000815164658889216,0.00313736164821965,-2.81485572269154e-05,0.00162938929187149
"lambda",0.037195272246857,-0.0737777917934224,-0.00328828941426636,-2.81485572269154e-05,0.832648283203365,-0.101764290335092
"luce",-0.0222502631363564,-0.0229068643824405,0.00414065069830578,0.00162938929187149,-0.101764290335092,0.0654176909571596
"alpha",0.0317730225419418,0.00286791786550105,-0.00063894045492946,0.000744311995324254,0.0230214849229503,-0.0131977376215432
"beta",0.00286791786550105,0.0465832602241842,0.00262040429787245,-0.00421449274772225,-0.0875481903745304,-0.00609446885939377
"gamma",-0.00063894045492946,0.00262040429787245,0.0526024731678931,0.000991171319551859,-0.0137107906623679,0.00608716605591252
"delta",0.000744311995324254,-0.00421449274772225,0.000991171319551859,0.0227597400751949,0.0125237676782074,2.90103319621614e-06
"lambda",0.0230214849229503,-0.0875481903745304,-0.0137107906623679,0.0125237676782074,0.788130847829065,-0.110099364908995
"luce",-0.0131977376215432,-0.00609446885939377,0.00608716605591252,2.90103319621614e-06,-0.110099364908995,0.0515592583554269
"alpha",0.0401303166229355,0.00158309835610389,0.000114740898302373,-8.94937561703499e-05,0.0321194871124722,-0.0179326222097959
"beta",0.00158309835610389,0.0265399642882935,-0.000961565117928682,-0.00699211530257898,-0.0656288599583569,-0.00705697185834953
"gamma",0.000114740898302373,-0.000961565117928682,0.0258573258717609,0.000465455901691823,-0.00527710377279983,0.00527291758233265
"delta",-8.94937561703499e-05,-0.00699211530257898,0.000465455901691823,0.023813379234006,0.0307976220947336,0.00564197845945853
"lambda",0.0321194871124722,-0.0656288599583569,-0.00527710377279983,0.0307976220947336,1.02459443162217,-0.148735612629823
"luce",-0.0179326222097959,-0.00705697185834953,0.00527291758233265,0.00564197845945853,-0.148735612629823,0.073265966087065
"alpha",0.0556852428761351,0.00171330341853143,0.000409801319751931,-0.00023520706339757,0.0284030236369946,-0.0191242570267022
"beta",0.00171330341853143,0.0637446026156233,-0.00402583314811114,0.0001549246508649,-0.0811261074608241,-0.0114475874216768
"gamma",0.000409801319751931,-0.00402583314811114,0.0477409715225455,0.00150880956038775,-0.0173426984439781,0.00850563358646995
"delta",-0.00023520706339757,0.0001549246508649,0.00150880956038775,0.00575476763717564,0.00337539310274465,0.000127939021242304
"lambda",0.0284030236369946,-0.0811261074608241,-0.0173426984439781,0.00337539310274465,0.617891163214315,-0.101263611522889
"luce",-0.0191242570267022,-0.0114475874216768,0.00850563358646995,0.000127939021242304,-0.101263611522889,0.0574275430830709
"alpha",0.0603601179978583,0.00220415235034359,-0.00477392168488417,-0.000185091062729657,0.0226242802885779,-0.017080874505628
"beta",0.00220415235034359,0.0463603413904474,0.00142726433376252,-0.00327059463411877,-0.0887075464392469,-0.00927756261609781
"gamma",-0.00477392168488417,0.00142726433376252,0.0340861278616403,3.05817254955995e-06,-0.0059030519973121,0.00470406629059531
"delta",-0.000185091062729657,-0.00327059463411877,3.05817254955995e-06,0.0158289128757945,0.00985058308398335,0.00262647742485541
"lambda",0.0226242802885779,-0.0887075464392469,-0.0059030519973121,0.00985058308398335,0.903420393045458,-0.127829387655872
"luce",-0.017080874505628,-0.00927756261609781,0.00470406629059531,0.00262647742485541,-0.127829387655872,0.0666632197836472
"alpha",0.0457662350147871,0.00373722193055299,0.00312047907295944,-0.000176497475907363,0.0174761951749154,-0.0224626027507838
"beta",0.00373722193055299,0.070207705158002,-0.00198827177740664,-0.00168535623418459,-0.0420887820701597,-0.0101108614076547
"gamma",0.00312047907295944,-0.00198827177740664,0.0277753431814675,0.000281990303800627,-0.00559625002351444,0.00496069460058929
"delta",-0.000176497475907363,-0.00168535623418459,0.000281990303800627,0.00245104656489964,-0.00177118004408183,2.30194934266368e-05
"lambda",0.0174761951749154,-0.0420887820701597,-0.00559625002351444,-0.00177118004408183,0.881663849838702,-0.0596123425009582
"luce",-0.0224626027507838,-0.0101108614076547,0.00496069460058929,2.30194934266368e-05,-0.0596123425009582,0.0672017154129366
"alpha",0.0417859793168718,0.00183744610215511,-0.000396495144033572,-0.000588250909882065,0.0235585399380121,-0.0126712440831489
"beta",0.00183744610215511,0.0310008891775551,0.000346401657791184,-0.00484486840537937,-0.0390148258358752,-0.00700540929905497
"gamma",-0.000396495144033572,0.000346401657791184,0.050516558380579,0.000887786288937346,-0.0017572102183622,0.00321088461869406
"delta",-0.000588250909882065,-0.00484486840537937,0.000887786288937346,0.0116207185420477,0.00785731537146601,0.00167662277522601
"lambda",0.0235585399380121,-0.0390148258358752,-0.0017572102183622,0.00785731537146601,0.859829594767109,-0.117802307162522
"luce",-0.0126712440831489,-0.00700540929905497,0.00321088461869406,0.00167662277522601,-0.117802307162522,0.0467069849797145
"alpha",0.0484128270589282,0.00226512225791689,0.00196188475934225,-0.000826372027197186,0.0268534934513867,-0.013480391637244
"beta",0.00226512225791689,0.0262576288435094,0.000426837686464102,-0.000998996120876329,-0.0468653847398179,-0.0024075313657954
"gamma",0.00196188475934225,0.000426837686464102,0.0403700639329099,-0.000653228431896577,-0.00653390573805621,0.00321382081826963
"delta",-0.000826372027197186,-0.000998996120876329,-0.000653228431896577,0.0108120068663981,0.00758431558794716,-8.75578547543797e-05
"lambda",0.0268534934513867,-0.0468653847398179,-0.00653390573805621,0.00758431558794716,0.681045068810477,-0.0975593360151653
"luce",-0.013480391637244,-0.0024075313657954,0.00321382081826963,-8.75578547543797e-05,-0.0975593360151653,0.0416751345562813
"alpha",0.0626119751067415,0.00209735726932526,-0.00213409774786149,-7.06945350648837e-05,0.00877214331540323,-0.0114605545663684
"beta",0.00209735726932526,0.0305670930589366,-0.00174145528945141,-0.00806518001454287,-0.0553266654109109,-0.0126809951131578
"gamma",-0.00213409774786149,-0.00174145528945141,0.0156534598264632,0.00110290285498168,0.00306282314481977,0.00460779164570304
"delta",-7.06945350648837e-05,-0.00806518001454287,0.00110290285498168,0.00990245044899843,0.0193857773448372,0.00451242542165824
"lambda",0.00877214331540323,-0.0553266654109109,0.00306282314481977,0.0193857773448372,0.615439385033392,-0.0312473534988154
"luce",-0.0114605545663684,-0.0126809951131578,0.00460779164570304,0.00451242542165824,-0.0312473534988154,0.0477105200340634
"alpha",0.0714680558653848,0.000545167119093619,0.00270759079895286,-0.000177921658847119,-0.000441099438301071,-0.00957679305450014
"beta",0.000545167119093619,0.02922134655846,0.000129562877385189,0.00162457161405348,-0.0182771070718989,-0.00412393599991599
"gamma",0.00270759079895286,0.000129562877385189,0.0296629477042453,-0.00078292530826791,-0.00250977924804423,0.0012546128764298
"delta",-0.000177921658847119,0.00162457161405348,-0.00078292530826791,0.0341005384126204,0.00818286620940768,0.000342029753013481
"lambda",-0.000441099438301071,-0.0182771070718989,-0.00250977924804423,0.00818286620940768,0.211625245036897,-0.0132599064278608
"luce",-0.00957679305450014,-0.00412393599991599,0.0012546128764298,0.000342029753013481,-0.0132599064278608,0.0167898836069814
"alpha",0.045451956144132,0.00312316884188904,-0.00290565599127001,0.000464209430940079,0.0447726646806032,-0.017611508010257
"beta",0.00312316884188904,0.0409504218232436,0.00115015662193133,-0.00731296140291177,-0.0945101396974975,-0.00623619523554378
"gamma",-0.00290565599127001,0.00115015662193133,0.0239284718723732,-0.00052025795875526,0.00645679753774145,0.000204140673552194
"delta",0.000464209430940079,-0.00731296140291177,-0.00052025795875526,0.0179113356781211,0.0219751946732559,0.00272268195518493
"lambda",0.0447726646806032,-0.0945101396974975,0.00645679753774145,0.0219751946732559,0.887324844559314,-0.0974303264236182
"luce",-0.017611508010257,-0.00623619523554378,0.000204140673552194,0.00272268195518493,-0.0974303264236182,0.0566408631718955
"alpha",0.0642184046913129,0.0068271789689802,-0.00736050866443421,-0.00125034089811746,0.0153936259161662,-0.0251521489593834
"beta",0.0068271789689802,0.0669965852615775,-0.00195443073971605,-0.00174810618563342,-0.0564066199718661,-0.012810138047306
"gamma",-0.00736050866443421,-0.00195443073971605,0.0343691842735781,0.00319059207585579,0.0041474014335964,0.0052864892899104
"delta",-0.00125034089811746,-0.00174810618563342,0.00319059207585579,0.00673193283825506,0.00125883774277233,-0.000715382439658894
"lambda",0.0153936259161662,-0.0564066199718661,0.0041474014335964,0.00125883774277233,0.789350243949995,-0.0415545096209388
"luce",-0.0251521489593834,-0.012810138047306,0.0052864892899104,-0.000715382439658894,-0.0415545096209388,0.0652690385602663
"alpha",0.0674324722626771,0.00561569241974981,-0.00203786619718883,-0.00300134430723822,0.0231819171969027,-0.025292255885011
"beta",0.00561569241974981,0.0332149615978917,0.00109670284050181,-0.00511077234117803,-0.069935758160988,-0.0132673357471751
"gamma",-0.00203786619718883,0.00109670284050181,0.0245940042184505,-0.000190313298094756,-0.000687278616845232,0.00256548093911632
"delta",-0.00300134430723822,-0.00511077234117803,-0.000190313298094756,0.0151050731905406,0.0163212585024253,0.00262697843719993
"lambda",0.0231819171969027,-0.069935758160988,-0.000687278616845232,0.0163212585024253,0.869978709910424,-0.0721152920855247
"luce",-0.025292255885011,-0.0132673357471751,0.00256548093911632,0.00262697843719993,-0.0721152920855247,0.061432755594014
"alpha",0.0532020722910361,0.00540959482502372,-0.000132124228957387,0.00157242917949731,0.0172828675434799,-0.0162210436655249
"beta",0.00540959482502372,0.0612934258407173,-0.000977232633336443,-0.00662317728414374,-0.0426342774649339,-0.0160652973013745
"gamma",-0.000132124228957387,-0.000977232633336443,0.0145737265949818,0.00039497115637744,0.00243486398263573,0.00148632242198854
"delta",0.00157242917949731,-0.00662317728414374,0.00039497115637744,0.00321154491096674,-0.00296246500137028,-0.000198062549390906
"lambda",0.0172828675434799,-0.0426342774649339,0.00243486398263573,-0.00296246500137028,0.541532429236799,-0.0273732039068341
"luce",-0.0162210436655249,-0.0160652973013745,0.00148632242198854,-0.000198062549390906,-0.0273732039068341,0.0490923209679063
"alpha",0.0702382614905671,0.00506772970155189,0.00594912760256629,-0.00130455992251258,0.0218729700689774,-0.0170388694710561
"beta",0.00506772970155189,0.054695059819064,-0.000437035685901204,0.000166021141052175,-0.117157888596632,-0.0070402123234915
"gamma",0.00594912760256629,-0.000437035685901204,0.0215764504760344,-0.000382662678056278,-0.00711040015400644,0.0033444174370656
"delta",-0.00130455992251258,0.000166021141052175,-0.000382662678056278,0.0114618785228804,-0.000403717415339045,0.00213784563899766
"lambda",0.0218729700689774,-0.117157888596632,-0.00711040015400644,-0.000403717415339045,1.11566541676975,-0.111401906186559
"luce",-0.0170388694710561,-0.0070402123234915,0.0033444174370656,0.00213784563899766,-0.111401906186559,0.0494845753547496
"alpha",0.0541560794355351,0.00167711697643933,-0.00459949064362865,-6.64241111339122e-05,0.0139112329587603,-0.00498099871033318
"beta",0.00167711697643933,0.0440290585562243,0.00210433150779623,-0.00396893896551852,-0.0581672960010846,-0.00374144066233597
"gamma",-0.00459949064362865,0.00210433150779623,0.016617375520883,0.000468654732949377,0.0013603858527198,0.00335229833901287
"delta",-6.64241111339122e-05,-0.00396893896551852,0.000468654732949377,0.00211268238796397,0.00886794300098616,0.000911578132996906
"lambda",0.0139112329587603,-0.0581672960010846,0.0013603858527198,0.00886794300098616,0.694619230965081,-0.0538574298701169
"luce",-0.00498099871033318,-0.00374144066233597,0.00335229833901287,0.000911578132996906,-0.0538574298701169,0.0370940070287818
"alpha",0.0472944231930034,0.00109245133745024,0.00220477121996011,-0.000926577687153028,0.0322951911205754,-0.0169250015382875
"beta",0.00109245133745024,0.0141320998846751,-0.00119791334438214,-0.00274298091317027,-0.014726858552595,-0.00238124350854834
"gamma",0.00220477121996011,-0.00119791334438214,0.0503688072446888,0.00157432945002354,-0.0047518139537627,0.00641302587949733
"delta",-0.000926577687153028,-0.00274298091317027,0.00157432945002354,0.00352094094100602,0.00665784373817022,0.00237166167526583
"lambda",0.0322951911205754,-0.014726858552595,-0.0047518139537627,0.00665784373817022,0.901184170977436,-0.143852869334615
"luce",-0.0169250015382875,-0.00238124350854834,0.00641302587949733,0.00237166167526583,-0.143852869334615,0.0654837180370832
"alpha",0.0625012076998867,0.00109743690502762,0.000488991596770002,-0.00369674340474174,-0.000874426930816517,-0.0109503025622753
"beta",0.00109743690502762,0.049464761548928,-5.72033963907161e-05,-0.00216361799704758,-0.0666458772933923,-0.00553729081624456
"gamma",0.000488991596770002,-5.72033963907161e-05,0.054382099004949,0.00556529589659083,0.00323588016618243,0.00152201028515435
"delta",-0.00369674340474174,-0.00216361799704758,0.00556529589659083,0.0282252764741819,0.0347616210190704,-0.000373074994925699
"lambda",-0.000874426930816517,-0.0666458772933923,0.00323588016618243,0.0347616210190704,0.565486456719509,-0.0416720964674638
"luce",-0.0109503025622753,-0.00553729081624456,0.00152201028515435,-0.000373074994925699,-0.0416720964674638,0.0254926717924603
"alpha",0.053557078863385,0.00312237177046031,0.00106858368193429,-0.000273062891341564,0.0326393168086485,-0.0310324542367649
"beta",0.00312237177046031,0.0722998617062996,0.000385207636520293,-0.0015390144564592,-0.0532262760442241,-0.00640123402175824
"gamma",0.00106858368193429,0.000385207636520293,0.00696329011331489,0.000510371193254778,-0.00477686223048144,0.000575190529678061
"delta",-0.000273062891341564,-0.0015390144564592,0.000510371193254778,0.00429093520752884,0.000418296584943672,-0.00106180098621433
