"","alpha","beta","gamma","delta","lambda","luce"
"",0,0,0,0,0,0
"alpha",0.000895228434618213,-7.35331227341237e-05,-0.00037835945145497,4.78584286670665e-05,0.0103997471849946,-0.00430578407394609
"beta",-7.35331227341237e-05,0.00191492601933373,5.17415945387171e-05,-0.000956072996429351,-0.01945406897871,0.00067618393297478
"gamma",-0.00037835945145497,5.17415945387171e-05,0.000402434873266604,-3.88581224156706e-05,-0.00417108659762695,0.0017279578862904
"delta",4.78584286670665e-05,-0.000956072996429351,-3.88581224156706e-05,0.00167223706552302,0.0149361923725914,3.05296005827369e-05
"lambda",0.0103997471849946,-0.01945406897871,-0.00417108659762695,0.0149361923725914,0.450115666982659,-0.0556111617943034
"luce",-0.00430578407394609,0.00067618393297478,0.0017279578862904,3.05296005827369e-05,-0.0556111617943034,0.0303242204003175
"alpha",0.000821163581036275,-2.83716616214982e-06,-0.000294842989577691,8.04133493434277e-06,0.0104514651271579,-0.00224499784917529
"beta",-2.83716616214982e-06,0.000421963335662392,-2.96543628249116e-05,-0.000120688791385092,-0.00647254810903218,-3.03994251669728e-05
"gamma",-0.000294842989577691,-2.96543628249116e-05,0.000570042179547961,-4.41990917576795e-06,-0.00256237740786691,0.000752834606715102
"delta",8.04133493434277e-06,-0.000120688791385092,-4.41990917576795e-06,0.000454316179893519,0.00255621697910249,-2.33911008420627e-05
"lambda",0.0104514651271579,-0.00647254810903218,-0.00256237740786691,0.00255621697910249,0.278769892017046,-0.0309059868898075
"luce",-0.00224499784917529,-3.03994251669728e-05,0.000752834606715102,-2.33911008420627e-05,-0.0309059868898075,0.00766899681987013
"alpha",0.00232101035408563,0.00082106514267214,-0.000449940401040421,-0.000981019068329226,0.00396638802611126,-0.00953629014716402
"beta",0.00082106514267214,0.00438197355105521,-0.000176927200137894,-0.00204489385581649,-0.0202287133394751,-0.0035977573765306
"gamma",-0.000449940401040421,-0.000176927200137894,0.00024874568990852,0.000231688798794766,-0.000722017442999191,0.00217639973787495
"delta",-0.000981019068329226,-0.00204489385581649,0.000231688798794766,0.0028982689679132,0.0223372765747449,0.00441816792320049
"lambda",0.00396638802611126,-0.0202287133394751,-0.000722017442999191,0.0223372765747449,0.785541418516133,-0.0171319871752059
"luce",-0.00953629014716402,-0.0035977573765306,0.00217639973787495,0.00441816792320049,-0.0171319871752059,0.0435300594966628
"alpha",0.00351023282801662,0.000408114202700546,-0.000555701922669413,-2.68871874450197e-05,0.0279376188981359,-0.00980611004011048
"beta",0.000408114202700546,0.00546981263247473,-7.72852540647549e-05,-0.00019995291852763,-0.0494946368465573,-0.00120730661425874
"gamma",-0.000555701922669413,-7.72852540647549e-05,0.00782373871461351,7.84528350747919e-05,-0.00294307609878415,0.00119747445224181
"delta",-2.68871874450197e-05,-0.00019995291852763,7.84528350747919e-05,0.000236697098109617,0.00276578515330055,-1.14885841840407e-05
"lambda",0.0279376188981359,-0.0494946368465573,-0.00294307609878415,0.00276578515330055,0.843812800867118,-0.0924077257176295
"luce",-0.00980611004011048,-0.00120730661425874,0.00119747445224181,-1.14885841840407e-05,-0.0924077257176295,0.0324978156766317
"alpha",0.00139457428332385,0.00034100939638866,-0.000372998458566412,-0.000183405048680675,0.0120432770435106,-0.0058762724522599
"beta",0.00034100939638866,0.000568715809895782,-0.000106078724459854,-0.000331253885054263,-0.00647071603507785,-0.00159295492669074
"gamma",-0.000372998458566412,-0.000106078724459854,0.000206626726573219,5.70505700971048e-05,-0.00301580802844729,0.00169621619491388
"delta",-0.000183405048680675,-0.000331253885054263,5.70505700971048e-05,0.000954401355740233,0.00437671229369835,0.000862480948886769
"lambda",0.0120432770435106,-0.00647071603507785,-0.00301580802844729,0.00437671229369835,0.362842579561233,-0.0561841541965075
"luce",-0.0058762724522599,-0.00159295492669074,0.00169621619491388,0.000862480948886769,-0.0561841541965075,0.0284580313253613
"alpha",0.000415573755499048,-8.95857010826063e-05,-4.101814474586e-05,3.41880713041929e-05,0.00358039382148531,-0.000808462801470065
"beta",-8.95857010826063e-05,0.00281291441101703,-1.43483088152158e-05,-0.000555296760319453,-0.0238027318887128,0.000153406471396572
"gamma",-4.101814474586e-05,-1.43483088152158e-05,0.00115930525207369,8.47154179353402e-06,-0.000158983103959538,7.86019873551324e-05
"delta",3.41880713041929e-05,-0.000555296760319453,8.47154179353402e-06,0.000241928267176707,0.00514136218140297,-2.95505401196599e-05
"lambda",0.00358039382148531,-0.0238027318887128,-0.000158983103959538,0.00514136218140297,0.247126438304222,-0.00924738005226163
"luce",-0.000808462801470065,0.000153406471396572,7.86019873551324e-05,-2.95505401196599e-05,-0.00924738005226163,0.002417939948206
"alpha",0.00108538223279836,0.000560153206744376,-0.000636769719175808,-1.41436772449331e-05,0.00344591574563457,-0.00496577711093769
"beta",0.000560153206744376,0.00344478622248115,-0.000345719959464794,-1.93527526895294e-06,-0.0147121458951391,-0.00312017752633222
"gamma",-0.000636769719175808,-0.000345719959464794,0.00335584572759835,3.7862933711735e-05,-0.00194246843144422,0.00304199593327874
"delta",-1.41436772449331e-05,-1.93527526895294e-06,3.7862933711735e-05,0.000321996388225012,0.000815742348062117,4.54055085306432e-05
"lambda",0.00344591574563457,-0.0147121458951391,-0.00194246843144422,0.000815742348062117,0.117291289326849,-0.0188530601716208
"luce",-0.00496577711093769,-0.00312017752633222,0.00304199593327874,4.54055085306432e-05,-0.0188530601716208,0.027370578318505
"alpha",0.0142821812262674,0.00171682331761715,-0.00148595683093645,-0.00036993253069289,0.0133550031824236,-0.0128821742723242
"beta",0.00171682331761715,0.0034759401621136,-3.05590451100806e-05,-0.000834332038169054,-0.0102400073495657,-0.00613876405778205
"gamma",-0.00148595683093645,-3.05590451100806e-05,0.000251528918364256,4.7405447375901e-05,1.5169592440863e-05,2.89379090322098e-05
"delta",-0.00036993253069289,-0.000834332038169054,4.7405447375901e-05,0.00212018734379227,0.00263380827285079,0.00143251914220757
"lambda",0.0133550031824236,-0.0102400073495657,1.5169592440863e-05,0.00263380827285079,0.170359489972377,-0.0493501232999572
"luce",-0.0128821742723242,-0.00613876405778205,2.89379090322098e-05,0.00143251914220757,-0.0493501232999572,0.0490159225810297
"alpha",0.00308580487382482,0.00145482522426934,7.15424003707125e-05,-3.0631434006365e-05,0.0114524162233501,-0.0118688900637115
"beta",0.00145482522426934,0.00717367257124077,-0.000163622924663569,-0.000189682553425046,-0.0362036477424209,-0.00637824085066061
"gamma",7.15424003707125e-05,-0.000163622924663569,0.0010586439426786,4.14119795509079e-05,-0.00160779882590995,0.00116672627268816
"delta",-3.0631434006365e-05,-0.000189682553425046,4.14119795509079e-05,0.00233362253952505,0.00207555717143279,-8.09743325201058e-06
"lambda",0.0114524162233501,-0.0362036477424209,-0.00160779882590995,0.00207555717143279,0.358030962360931,-0.0485079325019597
"luce",-0.0118688900637115,-0.00637824085066061,0.00116672627268816,-8.09743325201058e-06,-0.0485079325019597,0.0514732957349932
"alpha",0.00550608947954315,0.00380067867663479,-0.000148675341582352,5.09026032104036e-05,0.00235845961423098,-0.0182623836706809
"beta",0.00380067867663479,0.047674955404301,-7.68982615356332e-05,-0.00137386917596652,-0.0665357078466384,-0.0123985003076758
"gamma",-0.000148675341582352,-7.68982615356332e-05,0.00252356471867281,-2.2430460400173e-05,-0.00151353754991842,0.00110303502992176
"delta",5.09026032104036e-05,-0.00137386917596652,-2.2430460400173e-05,0.0011511098281996,-0.000269324160431471,-0.000220626980124443
"lambda",0.00235845961423098,-0.0665357078466384,-0.00151353754991842,-0.000269324160431471,1.21875338942336,-0.00944223112858231
"luce",-0.0182623836706809,-0.0123985003076758,0.00110303502992176,-0.000220626980124443,-0.00944223112858231,0.0646552899353414
"alpha",0.000367237640585233,0.000298852963097091,-0.000111399938043391,2.71525777258772e-05,-0.000770712924276961,-0.00181386495799073
"beta",0.000298852963097091,0.0402790532690035,-6.24520983520358e-05,-0.00622741609658885,-0.0914816176287741,-0.00418535573688469
"gamma",-0.000111399938043391,-6.24520983520358e-05,5.73235360052939e-05,-7.8029490983337e-06,0.000371185332423015,0.000372310481095014
"delta",2.71525777258772e-05,-0.00622741609658885,-7.8029490983337e-06,0.00132928487912695,-0.000338242406051684,-9.41516533509289e-05
"lambda",-0.000770712924276961,-0.0914816176287741,0.000371185332423015,-0.000338242406051684,1.17203943410945,0.00225023460745333
"luce",-0.00181386495799073,-0.00418535573688469,0.000372310481095014,-9.41516533509289e-05,0.00225023460745333,0.0242968663793904
"alpha",0.0212421139088575,0.000694483918336865,-0.000702466930409569,0.000378317163129892,0.00899581435478781,-0.012862992587425
"beta",0.000694483918336865,0.0319786353918332,2.83343392640738e-05,-0.00657543511490559,-0.0582548752764711,-0.00952137771923509
"gamma",-0.000702466930409569,2.83343392640738e-05,0.000814131252097654,5.49239988029107e-06,-0.000523289345623102,2.46613726140557e-05
"delta",0.000378317163129892,-0.00657543511490559,5.49239988029107e-06,0.0021531259004304,-0.00791885097578506,-0.0011852654497598
"lambda",0.00899581435478781,-0.0582548752764711,-0.000523289345623102,-0.00791885097578506,1.22323936199435,-0.0406658701823408
"luce",-0.012862992587425,-0.00952137771923509,2.46613726140557e-05,-0.0011852654497598,-0.0406658701823408,0.0775669236354179
"alpha",0.00123431949460631,-0.000130425676174668,-0.000405514094949612,7.81856997461089e-05,0.00845358444537755,-0.00427668841391327
"beta",-0.000130425676174668,0.000947378599564404,4.94086827817048e-05,-0.000360882066764635,-0.00774990708754721,0.000259287000102727
"gamma",-0.000405514094949612,4.94086827817048e-05,0.000171671158762221,-2.81057545865067e-05,-0.00263110048718527,0.00127376819247956
"delta",7.81856997461089e-05,-0.000360882066764635,-2.81057545865067e-05,0.000320296479512271,0.00291521852339474,-0.000115547116317466
"lambda",0.00845358444537755,-0.00774990708754721,-0.00263110048718527,0.00291521852339474,0.118597253730808,-0.0313999130680093
"luce",-0.00427668841391327,0.000259287000102727,0.00127376819247956,-0.000115547116317466,-0.0313999130680093,0.0228062839569779
"alpha",0.0013689365877544,-8.92882038731369e-05,-0.000398580486003462,6.89419834656545e-05,0.0157537560606283,-0.00463481098777724
"beta",-8.92882038731369e-05,0.00295306529894113,4.95403149294228e-05,-0.000417804345485992,-0.0297885137985505,0.000276164847586948
"gamma",-0.000398580486003462,4.95403149294228e-05,0.00136007274293343,-4.12366070923673e-05,-0.00449066417697998,0.00117914917050962
"delta",6.89419834656545e-05,-0.000417804345485992,-4.12366070923673e-05,0.000265543103105285,0.0055750919636879,-0.000145385486947229
"lambda",0.0157537560606283,-0.0297885137985505,-0.00449066417697998,0.0055750919636879,0.534825698519671,-0.0635949506548893
"luce",-0.00463481098777724,0.000276164847586948,0.00117914917050962,-0.000145385486947229,-0.0635949506548893,0.0200459067877569
"alpha",0.00140386199808303,0.00010921978460317,-0.000610803896706911,-7.02728268977179e-05,0.00457616860564288,-0.0016642813425384
"beta",0.00010921978460317,0.000424235442197673,0.00013881382457066,-0.000351185099363836,-0.0083984019027442,-0.000371551924389375
"gamma",-0.000610803896706911,0.00013881382457066,0.0156941510971528,-0.000145752327763419,-0.00144978931223161,-0.000308132330224578
"delta",-7.02728268977179e-05,-0.000351185099363836,-0.000145752327763419,0.000480513322418775,0.00658942462006069,0.000333795418576211
"lambda",0.00457616860564288,-0.0083984019027442,-0.00144978931223161,0.00658942462006069,0.488372179505828,-0.0270148066531462
"luce",-0.0016642813425384,-0.000371551924389375,-0.000308132330224578,0.000333795418576211,-0.0270148066531462,0.00815243702052002
"alpha",0.00130091148879054,0.000334665242732869,-0.000779999860856507,-9.04485882141457e-06,0.00744341226300394,-0.00581342406655613
"beta",0.000334665242732869,0.00262870706796729,-0.000166486937383673,-0.000152199622109324,-0.0135360337087396,-0.00162536653427183
"gamma",-0.000779999860856507,-0.000166486937383673,0.00358580881858711,5.21729129827062e-05,-0.00429250152579847,0.00354103776587382
"delta",-9.04485882141457e-06,-0.000152199622109324,5.21729129827062e-05,0.000398170106153293,0.0016374973193045,7.86638469750479e-05
"lambda",0.00744341226300394,-0.0135360337087396,-0.00429250152579847,0.0016374973193045,0.163314829859446,-0.0386530673327843
"luce",-0.00581342406655613,-0.00162536653427183,0.00354103776587382,7.86638469750479e-05,-0.0386530673327843,0.0303594928645588
"alpha",0.000696434618002812,5.94972944159695e-05,-0.000205737839289781,-3.88068126158744e-05,0.00742892973344575,-0.00257665600108172
"beta",5.94972944159695e-05,0.000317168735125287,-1.61032303733154e-05,-0.000317095773579775,-0.00472597275410018,-0.000125181787302436
"gamma",-0.000205737839289781,-1.61032303733154e-05,0.000108021330946349,1.52029381645008e-05,-0.00192575098548637,0.000720562232027112
"delta",-3.88068126158744e-05,-0.000317095773579775,1.52029381645008e-05,0.000782261318881198,0.00691602737882466,0.000508082676923297
"lambda",0.00742892973344575,-0.00472597275410018,-0.00192575098548637,0.00691602737882466,0.24436895116773,-0.0337948942986127
"luce",-0.00257665600108172,-0.000125181787302436,0.000720562232027112,0.000508082676923297,-0.0337948942986127,0.0183067127236565
"alpha",0.00278393367955423,0.000484463034457549,0.000179248584327514,-0.000251608332371846,0.0161160331185104,-0.00798572771647606
"beta",0.000484463034457549,0.00497117962834325,-0.000303622460031215,-0.00335617730609034,-0.0499303481394393,-0.00236209643126625
"gamma",0.000179248584327514,-0.000303622460031215,0.00283119746056915,0.000254115818354558,-0.00425524618094441,0.00334467404059864
"delta",-0.000251608332371846,-0.00335617730609034,0.000254115818354558,0.00297534301836169,0.0316800576791271,0.00136649847471835
"lambda",0.0161160331185104,-0.0499303481394393,-0.00425524618094441,0.0316800576791271,0.915027500732974,-0.0637647825410735
"luce",-0.00798572771647606,-0.00236209643126625,0.00334467404059864,0.00136649847471835,-0.0637647825410735,0.035315889972721
"alpha",0.0142465828749819,0.000131672003584239,-0.00212423543092899,-4.09293054934632e-05,0.0348611707201542,-0.0148881635350618
"beta",0.000131672003584239,0.00163040634632282,1.21844985910501e-05,-0.000619716785913442,-0.0146585103087362,-0.000907952149722584
"gamma",-0.00212423543092899,1.21844985910501e-05,0.000487128709489495,-6.9430310600523e-08,0.00129959438911924,-0.000549127167212808
"delta",-4.09293054934632e-05,-0.000619716785913442,-6.9430310600523e-08,0.000333142506167548,0.00614351096138849,0.00026563865706303
"lambda",0.0348611707201542,-0.0146585103087362,0.00129959438911924,0.00614351096138849,0.604932317392925,-0.16517013980321
"luce",-0.0148881635350618,-0.000907952149722584,-0.000549127167212808,0.00026563865706303,-0.16517013980321,0.0744285542475925
"alpha",0.00321830922804489,0.0018960184311021,-0.000423181103674775,0.00013754330047494,0.0019122002290336,-0.00947362259203053
"beta",0.0018960184311021,0.0353716947220741,-0.000409266226806191,-0.00448728023385689,-0.0926806853052562,-0.00609556792600141
"gamma",-0.000423181103674775,-0.000409266226806191,0.0040321057666891,8.55174270360446e-06,0.00194067934105666,0.00102167024700478
"delta",0.00013754330047494,-0.00448728023385689,8.55174270360446e-06,0.000880859606953995,-0.00112986344593548,-0.000487964568478938
"lambda",0.0019122002290336,-0.0926806853052562,0.00194067934105666,-0.00112986344593548,1.25464514202334,-0.0076180968823484
"luce",-0.00947362259203053,-0.00609556792600141,0.00102167024700478,-0.000487964568478938,-0.0076180968823484,0.0320605778159736
"alpha",0.00215692647851027,-2.23150980381425e-06,-0.000985808540806999,2.43462288530109e-06,0.0144887862241134,-0.00935981846401797
"beta",-2.23150980381425e-06,0.000435926936283947,-1.09113440260081e-05,-0.0001036916381282,-0.00295971222448628,-0.000189443477819078
"gamma",-0.000985808540806999,-1.09113440260081e-05,0.000652589398216731,2.24814509966125e-06,-0.00622647979785102,0.00405743803073007
"delta",2.43462288530109e-06,-0.0001036916381282,2.24814509966125e-06,5.05161364703736e-05,0.000594202166736475,-0.000137887772214781
"lambda",0.0144887862241134,-0.00295971222448628,-0.00622647979785102,0.000594202166736475,0.130545288386345,-0.061997397856555
"luce",-0.00935981846401797,-0.000189443477819078,0.00405743803073007,-0.000137887772214781,-0.061997397856555,0.0528370955019821
"alpha",0.000777675275299978,7.69532915676905e-05,-0.000188660832457571,-2.22173120609061e-05,0.012471211319632,-0.00428553855628156
"beta",7.69532915676905e-05,0.0046189836888357,-2.56834540719263e-05,-0.00145761314857509,-0.0450506861706722,-0.0029542053442907
"gamma",-0.000188660832457571,-2.56834540719263e-05,0.000482623768052431,7.55786349870329e-06,-0.00326820973430359,0.00116130932222865
"delta",-2.22173120609061e-05,-0.00145761314857509,7.55786349870329e-06,0.000547244044599042,0.0142644572365706,0.00135514559302221
"lambda",0.012471211319632,-0.0450506861706722,-0.00326820973430359,0.0142644572365706,0.727060409383087,-0.0511070645923422
"luce",-0.00428553855628156,-0.0029542053442907,0.00116130932222865,0.00135514559302221,-0.0511070645923422,0.0341174540926756
"alpha",0.000826755090951659,0.000429730545986732,-0.000273121802791676,-9.10432075010282e-05,0.00393151416739073,-0.00430243887943783
"beta",0.000429730545986732,0.0101108029420838,-0.000230077903010745,-0.00243623196422458,-0.0530002127551735,-0.00323351500241871
"gamma",-0.000273121802791676,-0.000230077903010745,0.000369386530696418,5.15435128453267e-05,-0.00049659148841948,0.00151382431958386
"delta",-9.10432075010282e-05,-0.00243623196422458,5.15435128453267e-05,0.000600129392896667,0.0129544744412571,0.000702477156261576
"lambda",0.00393151416739073,-0.0530002127551735,-0.00049659148841948,0.0129544744412571,0.377277684496056,-0.018455331135642
"luce",-0.00430243887943783,-0.00323351500241871,0.00151382431958386,0.000702477156261576,-0.018455331135642,0.0277863049861431
"alpha",0.00946653221584123,0.00315769827927097,-0.000634827971330328,0.000174816134263982,0.0114495840551926,-0.0246881800959663
"beta",0.00315769827927097,0.049492406168017,-5.8950613610591e-05,-0.00185406453163615,-0.0663678241602702,-0.0103228759705853
"gamma",-0.000634827971330328,-5.8950613610591e-05,0.000140518009170308,7.25845987347959e-06,-0.000900648124034563,0.00118142038176962
"delta",0.000174816134263982,-0.00185406453163615,7.25845987347959e-06,0.00135770715114504,-0.00179249451673816,-0.000466830619879788
"lambda",0.0114495840551926,-0.0663678241602702,-0.000900648124034563,-0.00179249451673816,1.22750452772293,-0.0330621071247346
"luce",-0.0246881800959663,-0.0103228759705853,0.00118142038176962,-0.000466830619879788,-0.0330621071247346,0.0768169781372135
"alpha",0.00563429419233729,0.00279116410616664,-0.000575958120588388,0.000255711800190754,0.0203443974195089,-0.0104086790403816
"beta",0.00279116410616664,0.0112489692313163,-0.00029875523527534,-0.00233967200855647,-0.0470732389619436,-0.00730730424902703
"gamma",-0.000575958120588388,-0.00029875523527534,0.000125460280666207,1.43300284889517e-05,-0.00176622457518336,0.00197085615093077
"delta",0.000255711800190754,-0.00233967200855647,1.43300284889517e-05,0.00126002230531862,0.00220407539821162,0.000823425495791475
"lambda",0.0203443974195089,-0.0470732389619436,-0.00176622457518336,0.00220407539821162,0.795252149251619,-0.0315365225641972
"luce",-0.0104086790403816,-0.00730730424902703,0.00197085615093077,0.000823425495791475,-0.0315365225641972,0.0513052270801157
"alpha",0.00104267616697808,6.10313806108796e-05,0.000104901722563945,-1.9738334731499e-05,0.00695790846441053,-0.00193386523040045
"beta",6.10313806108796e-05,0.00334178555210284,2.51000261695522e-05,-0.000277359897411856,-0.0321103378962802,-7.03113689873425e-05
"gamma",0.000104901722563945,2.51000261695522e-05,0.00411362755198788,1.75071856694652e-05,-0.00358869042712059,0.00089559401609411
"delta",-1.9738334731499e-05,-0.000277359897411856,1.75071856694652e-05,0.000182569195485987,0.00332256758594319,-2.52038944863912e-05
"lambda",0.00695790846441053,-0.0321103378962802,-0.00358869042712059,0.00332256758594319,0.452589424990052,-0.0284798951507504
"luce",-0.00193386523040045,-7.03113689873425e-05,0.00089559401609411,-2.52038944863912e-05,-0.0284798951507504,0.0075246402923215
"alpha",0.0230109147375261,-0.000312411110031231,-0.00098225499321317,5.84591379855074e-05,0.00454563492870636,-0.00503275127372858
"beta",-0.000312411110031231,0.00597195287274363,2.426427959503e-05,-0.00132765016218998,-0.0144884559978342,-0.00246909326875539
"gamma",-0.00098225499321317,2.426427959503e-05,0.00125627234595657,-8.49925629179461e-06,0.000107219543954418,-0.000234394600626232
"delta",5.84591379855074e-05,-0.00132765016218998,-8.49925629179461e-06,0.000341174256082037,0.00328098337637472,0.000537039519537867
"lambda",0.00454563492870636,-0.0144884559978342,0.000107219543954418,0.00328098337637472,0.637674159411814,-0.0328622680655092
"luce",-0.00503275127372858,-0.00246909326875539,-0.000234394600626232,0.000537039519537867,-0.0328622680655092,0.0445352326222164
"alpha",0.00439785384067729,0.00253371240929909,-0.000489630255430303,5.14429947016898e-05,0.00549078738968232,-0.0144326897252766
"beta",0.00253371240929909,0.045086267588727,-0.000230359994130703,-0.0055378129458746,-0.0958901106904724,-0.00907797968053022
"gamma",-0.000489630255430303,-0.000230359994130703,0.000150460657730972,-7.10718713900813e-06,-0.000255836490784285,0.00145677039619638
"delta",5.14429947016898e-05,-0.0055378129458746,-7.10718713900813e-06,0.00095570657025659,-0.000171086448089765,-0.000146659411669974
"lambda",0.00549078738968232,-0.0958901106904724,-0.000255836490784285,-0.000171086448089765,1.24652773963001,-0.0196376356052301
"luce",-0.0144326897252766,-0.00907797968053022,0.00145677039619638,-0.000146659411669974,-0.0196376356052301,0.0524018097985767
"alpha",0.00557619875947262,0.00205434326619695,-0.000216220016784722,-0.000141995024724215,0.0314563951293217,-0.0169759899697558
"beta",0.00205434326619695,0.00423110365540211,-6.24367400637047e-05,-0.000222429976345312,-0.0258728951579923,-0.00675764484107595
"gamma",-0.000216220016784722,-6.24367400637047e-05,0.000147615151778152,1.44335585503332e-05,-0.0010142503669914,0.000570675309798301
"delta",-0.000141995024724215,-0.000222429976345312,1.44335585503332e-05,0.000155328439638034,0.00101293717153028,0.000474148791256712
"lambda",0.0314563951293217,-0.0258728951579923,-0.0010142503669914,0.00101293717153028,0.695877397063614,-0.111524014296242
"luce",-0.0169759899697558,-0.00675764484107595,0.000570675309798301,0.000474148791256712,-0.111524014296242,0.059559758337067
"alpha",0.00136364614694644,0.000609980102390598,-0.000533961443586856,-2.81752940244669e-05,0.00297255877550202,-0.00407505533514071
"beta",0.000609980102390598,0.0150499799496803,-0.00032492698098336,-0.00236401884797488,-0.030095783276505,-0.00396442053271309
"gamma",-0.000533961443586856,-0.00032492698098336,0.015467941960251,2.51236490875144e-05,-0.00154325209701436,5.83068086245138e-05
"delta",-2.81752940244669e-05,-0.00236401884797488,2.51236490875144e-05,0.00124029993471308,0.00228628878152634,0.000103054345284959
"lambda",0.00297255877550202,-0.030095783276505,-0.00154325209701436,0.00228628878152634,0.6954793107439,-0.0149520019433745
"luce",-0.00407505533514071,-0.00396442053271309,5.83068086245138e-05,0.000103054345284959,-0.0149520019433745,0.0266996711373005
"alpha",0.0035066743158332,0.0002293626550509,-0.000634430077925401,-0.00021311106973855,0.0353579810941982,-0.00997142566814899
"beta",0.0002293626550509,0.000798639494486058,-5.25410722910437e-05,-0.000722811320727204,-0.00893239061744106,-0.000738895608666383
"gamma",-0.000634430077925401,-5.25410722910437e-05,0.00663561829713618,-9.86475631819695e-05,-0.00523572746004407,0.00157265792499015
"delta",-0.00021311106973855,-0.000722811320727204,-9.86475631819695e-05,0.00311370828717385,0.0100119055508789,0.00062273608409761
"lambda",0.0353579810941982,-0.00893239061744106,-0.00523572746004407,0.0100119055508789,0.678857312192423,-0.126192616297847
"luce",-0.00997142566814899,-0.000738895608666383,0.00157265792499015,0.00062273608409761,-0.126192616297847,0.0363221224482566
"alpha",0.00509472174287976,0.00406775222782792,-0.000985204546747223,-0.000926617029870677,0.00842327878888004,-0.0154993975086185
"beta",0.00406775222782792,0.0108948879865484,-0.000858269778628661,-0.00237902846754608,-0.054255212925716,-0.0137220866458409
"gamma",-0.000985204546747223,-0.000858269778628661,0.000264137693512143,0.000197496268994039,-0.00132372313271173,0.00327749587606349
"delta",-0.000926617029870677,-0.00237902846754608,0.000197496268994039,0.000531952747953406,0.0119368055812113,0.00316981967199786
"lambda",0.00842327878888004,-0.054255212925716,-0.00132372313271173,0.0119368055812113,0.748853066340707,-0.0238184853570177
"luce",-0.0154993975086185,-0.0137220866458409,0.00327749587606349,0.00316981967199786,-0.0238184853570177,0.0534909473230122
"alpha",0.00384056484468552,0.00101400561890686,0.000164874567222861,-0.00102931568887224,0.00861800892858187,-0.0136494228954135
"beta",0.00101400561890686,0.00505156872179851,1.03761518671212e-05,-0.00211893394813605,-0.0195484419136494,-0.00380651240110708
"gamma",0.000164874567222861,1.03761518671212e-05,0.00244572681750381,-4.06214794420856e-05,-0.00135460326485082,0.000140420144422783
"delta",-0.00102931568887224,-0.00211893394813605,-4.06214794420856e-05,0.00291344738668572,0.0248514499557443,0.00400002629804754
"lambda",0.00861800892858187,-0.0195484419136494,-0.00135460326485082,0.0248514499557443,0.850994431636455,-0.0360345471234158
"luce",-0.0136494228954135,-0.00380651240110708,0.000140420144422783,0.00400002629804754,-0.0360345471234158,0.054557838127071
"alpha",0.00375125069296425,0.00213463540305686,-0.0009785361142544,9.86884526481067e-05,0.00910358283966793,-0.0133189256170896
"beta",0.00213463540305686,0.0227528324531765,0.000294694350899275,-0.00507509595744806,-0.0797270740074289,-0.00899585241003362
"gamma",-0.0009785361142544,0.000294694350899275,0.00860536476300626,-0.000237900934836133,0.00077611076083715,0.00246610590865473
"delta",9.86884526481067e-05,-0.00507509595744806,-0.000237900934836133,0.00199282972239323,0.00144798823039657,-0.000364611577956457
"lambda",0.00910358283966793,-0.0797270740074289,0.00077611076083715,0.00144798823039657,1.10735444525632,-0.0368292878746848
"luce",-0.0133189256170896,-0.00899585241003362,0.00246610590865473,-0.000364611577956457,-0.0368292878746848,0.0562623293351717
"alpha",0.00456603267182262,0.000950199377913236,-0.000433497282177592,-0.000551233712904718,0.0247129410672141,-0.0141125474162027
"beta",0.000950199377913236,0.00439226712306215,-0.00018317325397272,-0.00262772206182481,-0.0422132770788197,-0.00328033792243749
"gamma",-0.000433497282177592,-0.00018317325397272,0.000944476819604642,9.98681631254271e-05,-0.00265361150031025,0.00188754080943574
"delta",-0.000551233712904718,-0.00262772206182481,9.98681631254271e-05,0.00198841382386709,0.0230873865995266,0.00183768603709328
"lambda",0.0247129410672141,-0.0422132770788197,-0.00265361150031025,0.0230873865995266,0.853605066931812,-0.0859532674452338
"luce",-0.0141125474162027,-0.00328033792243749,0.00188754080943574,0.00183768603709328,-0.0859532674452338,0.050281305739957
"alpha",0.00190133725249298,-5.42497949513272e-05,-0.00109337015597719,3.36431871483921e-05,0.0189676739838088,-0.00803785707390104
"beta",-5.42497949513272e-05,0.00148201283390038,-2.57896475398741e-05,-0.000386944505363869,-0.0145693699725419,0.000209809429701663
"gamma",-0.00109337015597719,-2.57896475398741e-05,0.00633125890760831,-1.54487175178165e-05,-0.00835800075290721,0.00395948829305747
"delta",3.36431871483921e-05,-0.000386944505363869,-1.54487175178165e-05,0.00059646825177216,0.0044553543494577,-9.67453255012284e-06
"lambda",0.0189676739838088,-0.0145693699725419,-0.00835800075290721,0.0044553543494577,0.380135359202866,-0.0910175860730927
"luce",-0.00803785707390104,0.000209809429701663,0.00395948829305747,-9.67453255012284e-06,-0.0910175860730927,0.0397434008393237
"alpha",0.00135542613695485,0.000559478146289183,-0.000462803537411509,0.000134558341478654,0.00723996200038576,-0.00573541494421596
"beta",0.000559478146289183,0.00437372736810775,-0.000153071144229926,7.93852286959567e-05,-0.0224190857147652,-0.00269365516153342
"gamma",-0.000462803537411509,-0.000153071144229926,0.000665407301868177,-5.70456367979085e-05,-0.00295169806642891,0.00210295346815842
"delta",0.000134558341478654,7.93852286959567e-05,-5.70456367979085e-05,0.00287002758479476,0.00215667119377761,-0.000575696723472515
"lambda",0.00723996200038576,-0.0224190857147652,-0.00295169806642891,0.00215667119377761,0.220478072437261,-0.0337950937920808
"luce",-0.00573541494421596,-0.00269365516153342,0.00210295346815842,-0.000575696723472515,-0.0337950937920808,0.0277051696474958
"alpha",0.00287126673806533,-0.00033038925821974,-0.000817971003728283,0.000123326832767067,0.0250398221119389,-0.00893764732620543
"beta",-0.00033038925821974,0.000810500107618174,9.12207952662632e-05,-0.000404305801492824,-0.0102834327143222,0.00106660150026518
"gamma",-0.000817971003728283,9.12207952662632e-05,0.000253590814003091,-3.7269833833288e-05,-0.00687615650574388,0.00229455290857055
"delta",0.000123326832767067,-0.000404305801492824,-3.7269833833288e-05,0.000320635164265,0.0047557554074407,-0.000223585607589216
"lambda",0.0250398221119389,-0.0102834327143222,-0.00687615650574388,0.0047557554074407,0.30604912161287,-0.0827595129810412
"luce",-0.00893764732620543,0.00106660150026518,0.00229455290857055,-0.000223585607589216,-0.0827595129810412,0.0452900965347299
"alpha",0.0010491255976982,0.000983164924949413,-0.000408260837560252,-6.81612115117341e-05,0.00177067093112265,-0.00381801252286516
"beta",0.000983164924949413,0.00588484375718754,-0.000363742360229831,-0.000105304209613558,-0.0460171807520172,-0.00486636669870766
"gamma",-0.000408260837560252,-0.000363742360229831,0.000295801627324354,3.45293022292546e-05,-0.000515387974206241,0.00141111358353331
"delta",-6.81612115117341e-05,-0.000105304209613558,3.45293022292546e-05,0.00132951631761373,0.000486657812027663,0.000329429061719255
"lambda",0.00177067093112265,-0.0460171807520172,-0.000515387974206241,0.000486657812027663,0.649453332039912,-0.0130391438327739
"luce",-0.00381801252286516,-0.00486636669870766,0.00141111358353331,0.000329429061719255,-0.0130391438327739,0.0201145200056972
"alpha",0.0024967458590213,8.70690225008941e-05,-0.000608129129164145,7.35695217865339e-05,0.0118381531160353,-0.00824513721371541
"beta",8.70690225008941e-05,0.000186428694519585,1.21351788848061e-05,-0.000205884231332955,-0.000619354688847284,-0.000298977867458422
"gamma",-0.000608129129164145,1.21351788848061e-05,0.00536948315139509,-4.91596105394917e-05,-0.00250942630038761,0.00150356360618377
"delta",7.35695217865339e-05,-0.000205884231332955,-4.91596105394917e-05,0.000363620316107331,-0.00162181252762041,-0.000385996918300016
"lambda",0.0118381531160353,-0.000619354688847284,-0.00250942630038761,-0.00162181252762041,0.446889241179389,-0.0567705647142191
"luce",-0.00824513721371541,-0.000298977867458422,0.00150356360618377,-0.000385996918300016,-0.0567705647142191,0.0383948353763384
"alpha",0.00369438645149176,0.000448963797360285,-0.000659544481373623,-0.00024280267536882,0.0240520012890059,-0.0133996987381163
"beta",0.000448963797360285,0.00304310760713783,-4.91880655235369e-05,-0.00145318335601534,-0.0269204523379624,-0.00196382561130589
"gamma",-0.000659544481373623,-4.91880655235369e-05,0.00179588466316611,5.6979902437945e-05,-0.00505631261401641,0.00264791201418782
"delta",-0.00024280267536882,-0.00145318335601534,5.6979902437945e-05,0.00182295115230788,0.0124359103139642,0.00102181479214578
"lambda",0.0240520012890059,-0.0269204523379624,-0.00505631261401641,0.0124359103139642,0.634737833657554,-0.0970141161350717
"luce",-0.0133996987381163,-0.00196382561130589,0.00264791201418782,0.00102181479214578,-0.0970141161350717,0.0569429196205638
"alpha",0.014655587782424,0.00066992794767146,-0.00241685721231265,-0.000114476569397712,0.018691787957793,-0.00821771016210256
"beta",0.00066992794767146,0.00205628175566033,2.38763365762182e-05,-0.000324058649833882,-0.0132418952952349,-0.00344850032264915
"gamma",-0.00241685721231265,2.38763365762182e-05,0.000535586666104386,-3.67053637705794e-06,0.00305492516243245,-0.00105188584808354
"delta",-0.000114476569397712,-0.000324058649833882,-3.67053637705794e-06,0.000248045400839716,0.00238031012290521,0.000822747626702525
"lambda",0.018691787957793,-0.0132418952952349,0.00305492516243245,0.00238031012290521,0.683611140426673,-0.152558620957615
"luce",-0.00821771016210256,-0.00344850032264915,-0.00105188584808354,0.000822747626702525,-0.152558620957615,0.0623727430652024
"alpha",0.00115600032649434,0.000320084825873946,-0.000204532926764837,-0.000110273104396834,0.00397208968384646,-0.00292619033677882
"beta",0.000320084825873946,0.00133398175257444,-7.57107524331154e-05,-0.000416362322993975,-0.00633186378141537,-0.000957043296335826
"gamma",-0.000204532926764837,-7.57107524331154e-05,0.000273038931298631,3.45330764101674e-05,-0.000662948171321333,0.000609234879099225
"delta",-0.000110273104396834,-0.000416362322993975,3.45330764101674e-05,0.000499040626575219,0.00188099903863022,0.00037846562001165
"lambda",0.00397208968384646,-0.00633186378141537,-0.000662948171321333,0.00188099903863022,0.0689968325447072,-0.0112942501975044
"luce",-0.00292619033677882,-0.000957043296335826,0.000609234879099225,0.00037846562001165,-0.0112942501975044,0.00866799679475151
"alpha",0.000439551429718169,2.1148622205835e-05,-0.000219860567050958,6.83734224571984e-07,0.00344033200768707,-0.00205789428524233
"beta",2.1148622205835e-05,0.0012865279813325,-0.000106711718507725,-0.000466667108642715,-0.0113059274550732,-0.000642673479513671
"gamma",-0.000219860567050958,-0.000106711718507725,0.00080060901588358,4.28950214720327e-05,-0.000446544772150183,0.00104876153329944
"delta",6.83734224571984e-07,-0.000466667108642715,4.28950214720327e-05,0.000275250783233934,0.00428781363776002,0.000278996837025289
"lambda",0.00344033200768707,-0.0113059274550732,-0.000446544772150183,0.00428781363776002,0.148866163248059,-0.015528916757096
"luce",-0.00205789428524233,-0.000642673479513671,0.00104876153329944,0.000278996837025289,-0.015528916757096,0.0142165943901403
"alpha",0.00147778049590711,0.000512828110395578,-0.00015905658216731,0.000149716522152592,0.00284557690654485,-0.00639732998660099
"beta",0.000512828110395578,0.024803042304681,-0.000132031944869291,-0.00547453161737452,-0.0485945581499171,-0.00285729779054222
"gamma",-0.00015905658216731,-0.000132031944869291,0.00024854641449272,-1.63514949139296e-05,0.000545118007891907,0.00107528433690388
"delta",0.000149716522152592,-0.00547453161737452,-1.63514949139296e-05,0.00212955269044211,-0.0162525593862287,-0.000641204220606055
"lambda",0.00284557690654485,-0.0485945581499171,0.000545118007891907,-0.0162525593862287,1.27738347594517,-0.0102632932183679
"luce",-0.00639732998660099,-0.00285729779054222,0.00107528433690388,-0.000641204220606055,-0.0102632932183679,0.0318483375177815
"alpha",0.00120122711041211,0.00041826816188846,-0.000450282828537401,-0.000356196588085529,0.00807223118774294,-0.0051150719398063
"beta",0.00041826816188846,0.000594166833702068,-0.000184029799117652,-0.000480480004411302,-0.00514138958710861,-0.0021186110927566
"gamma",-0.000450282828537401,-0.000184029799117652,0.00161413436808354,0.000132185315419489,-0.000839313352308471,0.00184817999902822
"delta",-0.000356196588085529,-0.000480480004411302,0.000132185315419489,0.000952806922202335,0.00463353874251847,0.00186299767824542
"lambda",0.00807223118774294,-0.00514138958710861,-0.000839313352308471,0.00463353874251847,0.283013380899988,-0.0390467206778835
"luce",-0.0051150719398063,-0.0021186110927566,0.00184817999902822,0.00186299767824542,-0.0390467206778835,0.0262746765229765
"alpha",0.00145135862057048,0.000302747331480624,-0.000535859090135639,0.000200758223539333,0.010435091513817,-0.00470751938928086
"beta",0.000302747331480624,0.00415921896782083,-4.96783691598087e-05,-0.001081532340318,-0.0265379236770805,-0.00114123603306595
"gamma",-0.000535859090135639,-4.96783691598087e-05,0.000330539119149445,-9.38458524068892e-05,-0.00370231914001917,0.00155590580386895
"delta",0.000200758223539333,-0.001081532340318,-9.38458524068892e-05,0.000669114474139565,0.000484626634273107,-0.000495576969389278
"lambda",0.010435091513817,-0.0265379236770805,-0.00370231914001917,0.000484626634273107,0.5467494150142,-0.0359696722867763
"luce",-0.00470751938928086,-0.00114123603306595,0.00155590580386895,-0.000495576969389278,-0.0359696722867763,0.0232905427333043
"alpha",0.00102957160942757,0.000299025219799795,-0.000115249786906567,-0.000124290335487049,0.00984181746440344,-0.00335343065218794
"beta",0.000299025219799795,0.00058201120246188,-8.29740151246706e-05,-0.00020042665210743,-0.00519417347970759,-0.00107717306923872
"gamma",-0.000115249786906567,-8.29740151246706e-05,0.00146695301343325,-1.74687747728065e-05,0.000359388714875504,0.000378806360811519
"delta",-0.000124290335487049,-0.00020042665210743,-1.74687747728065e-05,0.00110122831124115,0.0025369100893227,0.000483025624856349
"lambda",0.00984181746440344,-0.00519417347970759,0.000359388714875504,0.0025369100893227,0.315109866897481,-0.0383850739623752
"luce",-0.00335343065218794,-0.00107717306923872,0.000378806360811519,0.000483025624856349,-0.0383850739623752,0.013229734767645
"alpha",0.00595674908226433,0.00381955538077624,-0.000505134751607899,0.000197256516546098,0.0158655629650654,-0.00995716361606974
"beta",0.00381955538077624,0.0111677494457435,-0.000277294476606251,-0.00224410126438494,-0.0193645057474345,-0.00594358800300442
"gamma",-0.000505134751607899,-0.000277294476606251,0.000153943146585151,-5.83050765763596e-06,-0.000283013144329134,0.00191104029662042
"delta",0.000197256516546098,-0.00224410126438494,-5.83050765763596e-06,0.00112747888607866,-5.83336634569113e-05,-0.000237323289567638
"lambda",0.0158655629650654,-0.0193645057474345,-0.000283013144329134,-5.83336634569113e-05,0.497706054876376,-0.0210489112098243
"luce",-0.00995716361606974,-0.00594358800300442,0.00191104029662042,-0.000237323289567638,-0.0210489112098243,0.0474648484842136
"alpha",0.00390042629305674,0.000319275254797518,3.48695016874094e-05,3.72700015067582e-05,0.01377251101566,-0.0135256618348111
"beta",0.000319275254797518,0.000765438370109006,1.40634085176885e-05,-0.000249878705483424,-0.00634219194230666,-0.00113423936983246
"gamma",3.48695016874094e-05,1.40634085176885e-05,0.000689489066483359,-1.43154924740924e-05,-0.000825276919384611,0.00104715944581947
"delta",3.72700015067582e-05,-0.000249878705483424,-1.43154924740924e-05,0.000156039687434633,-0.00116166591450897,-0.000189622267519463
"lambda",0.01377251101566,-0.00634219194230666,-0.000825276919384611,-0.00116166591450897,0.865395678745935,-0.0536665552637662
"luce",-0.0135256618348111,-0.00113423936983246,0.00104715944581947,-0.000189622267519463,-0.0536665552637662,0.0550110410583783
"alpha",0.00407531404143774,0.000318331094130027,-0.000119979338191895,1.41582240609076e-06,0.0346508051370097,-0.0123964677307963
"beta",0.000318331094130027,0.0041222543763053,-3.8925105460327e-05,-0.000320876094481513,-0.0376074097250993,-0.000991319190824199
"gamma",-0.000119979338191895,-3.8925105460327e-05,0.000527550289851463,1.97240442541036e-05,-0.00267943729361861,0.00100412419474859
