"","alpha","beta","gamma","delta","lambda","luce"
"",0,0,0,0,0,0
"alpha",0.0237224870335557,0.00327324555268335,-0.00176725061310159,0.000947526465199673,0.0320735568015496,-0.00826254052414889
"beta",0.00327324555268335,0.00572470150568022,-0.000597962941477462,-0.00209706334034662,-0.0109330358526253,-0.000567700620636991
"gamma",-0.00176725061310159,-0.000597962941477462,0.0140469847222967,0.000118424529139019,-0.00151911734497016,0.00209017374771816
"delta",0.000947526465199673,-0.00209706334034662,0.000118424529139019,0.00523966366800983,0.0036669345604975,0.000296107236854637
"lambda",0.0320735568015496,-0.0109330358526253,-0.00151911734497016,0.0036669345604975,1.01907129828665,-0.0183395111609685
"luce",-0.00826254052414889,-0.000567700620636991,0.00209017374771816,0.000296107236854637,-0.0183395111609685,0.0761210302028596
"alpha",0.056881134428662,0.000986531407934077,0.00622920161268997,0.000439473166638478,0.0206356924178353,-0.00661018060670223
"beta",0.000986531407934077,0.00988287803980457,-0.000382986450644614,-0.00246999203790744,-0.0136313456937371,-0.000315640959865851
"gamma",0.00622920161268997,-0.000382986450644614,0.0187766343429507,-0.000220980379724692,-0.00440310421596624,0.00433149253786506
"delta",0.000439473166638478,-0.00246999203790744,-0.000220980379724692,0.00642742947802472,0.00528463305293714,0.000533260052634279
"lambda",0.0206356924178353,-0.0136313456937371,-0.00440310421596624,0.00528463305293714,1.26463295521884,-0.00441667276999518
"luce",-0.00661018060670223,-0.000315640959865851,0.00433149253786506,0.000533260052634279,-0.00441667276999518,0.0800325357297051
"alpha",0.0289420665277137,0.00170566282171427,0.00998210170918232,-0.000471923966612227,0.0059339198758077,-0.0115792443630929
"beta",0.00170566282171427,0.00986436122084429,0.000642575764459883,-0.00274707247114889,-0.0120040732162199,-0.000934336743731099
"gamma",0.00998210170918232,0.000642575764459883,0.0335277742137741,-0.000284652093007935,-0.00391161763332172,0.00421292163416965
"delta",-0.000471923966612227,-0.00274707247114889,-0.000284652093007935,0.00650880575186284,0.00483647673926796,0.000365105166869922
"lambda",0.0059339198758077,-0.0120040732162199,-0.00391161763332172,0.00483647673926796,1.3098331542211,-0.0179533490736491
"luce",-0.0115792443630929,-0.000934336743731099,0.00421292163416965,0.000365105166869922,-0.0179533490736491,0.0812011140807777
"alpha",0.0329568435671425,0.00136732037102993,0.0103210182169801,0.00131961226576993,0.0164933455811761,-0.0135237204783455
"beta",0.00136732037102993,0.00914855159156206,-0.000332615905961465,-0.00201511723114275,-0.0353305749456673,-0.00427816519624117
"gamma",0.0103210182169801,-0.000332615905961465,0.0326238343308294,0.00128515630077094,0.00469255084130239,0.00128857365219946
"delta",0.00131961226576993,-0.00201511723114275,0.00128515630077094,0.0547973546301547,0.0253031576939887,0.0017669105241545
"lambda",0.0164933455811761,-0.0353305749456673,0.00469255084130239,0.0253031576939887,0.899468503515099,-0.0448032299818962
"luce",-0.0135237204783455,-0.00427816519624117,0.00128857365219946,0.0017669105241545,-0.0448032299818962,0.0432596451579964
"alpha",0.0402112746707156,0.0129316839978118,0.00815777654592884,-0.0039956504415214,0.0184302063914242,-0.0013800009322002
"beta",0.0129316839978118,0.0298960654810895,0.00394296427034391,-0.0100990919321625,-0.0439131609874583,0.000414012385721708
"gamma",0.00815777654592884,0.00394296427034391,0.027064673609558,-0.00213682747925132,0.00171645428621496,0.00450125614761559
"delta",-0.0039956504415214,-0.0100990919321625,-0.00213682747925132,0.0130244462584369,0.00896730722227966,-0.00116652212498745
"lambda",0.0184302063914242,-0.0439131609874583,0.00171645428621496,0.00896730722227966,1.17038870742087,-0.00146233553802603
"luce",-0.0013800009322002,0.000414012385721708,0.00450125614761559,-0.00116652212498745,-0.00146233553802603,0.0776267429899835
"alpha",0.0173119173795327,0.00273298543368232,-0.00131879694933928,0.00122408573492827,0.012354092860253,-0.0138238894507357
"beta",0.00273298543368232,0.0154478521913751,-0.000967587555436478,-0.00171625116476827,-0.0582019623041992,-0.0100203814139511
"gamma",-0.00131879694933928,-0.000967587555436478,0.0207763524571672,0.000427557713923217,-0.00440508543288527,0.0024977228455038
"delta",0.00122408573492827,-0.00171625116476827,0.000427557713923217,0.033827243348164,0.0102599813471023,0.00163246999351608
"lambda",0.012354092860253,-0.0582019623041992,-0.00440508543288527,0.0102599813471023,1.13538474811045,-0.0429950153170566
"luce",-0.0138238894507357,-0.0100203814139511,0.0024977228455038,0.00163246999351608,-0.0429950153170566,0.075542271129267
"alpha",0.026701195406341,0.00267163485159003,0.00279901246410066,0.0056147280492639,0.0188633700224708,-0.0135612281152842
"beta",0.00267163485159003,0.0176760934158378,5.84256615301339e-06,-0.00169898400215373,-0.058176527756277,-0.00544332679626984
"gamma",0.00279901246410066,5.84256615301339e-06,0.0128672867551842,0.00254208774991938,-0.00113160313917715,0.000821555510227433
"delta",0.0056147280492639,-0.00169898400215373,0.00254208774991938,0.0363069267713646,0.00680359113368703,-0.00178877960556332
"lambda",0.0188633700224708,-0.058176527756277,-0.00113160313917715,0.00680359113368703,0.992304998270239,-0.0393283094139178
"luce",-0.0135612281152842,-0.00544332679626984,0.000821555510227433,-0.00178877960556332,-0.0393283094139178,0.0369638388579131
"alpha",0.0534707653308837,0.00188347573405738,-0.0121993981790032,0.00112554714623292,0.00260816381916115,-0.0158387224850378
"beta",0.00188347573405738,0.00889035074843785,0.000427125452055728,-0.000331592977497134,-0.0369063600285607,-0.00563701770027201
"gamma",-0.0121993981790032,0.000427125452055728,0.015855337153544,0.00124476656356193,0.00147469344179488,-0.00114541623742928
"delta",0.00112554714623292,-0.000331592977497134,0.00124476656356193,0.0328016517613963,0.0277197002503025,0.00366906988079958
"lambda",0.00260816381916115,-0.0369063600285607,0.00147469344179488,0.0277197002503025,0.967986644516617,-0.0712870618861995
"luce",-0.0158387224850378,-0.00563701770027201,-0.00114541623742928,0.00366906988079958,-0.0712870618861995,0.078137565325175
"alpha",0.0372101101350062,0.000721353526311347,-0.00764566212542506,0.00134174334813237,0.000357276014633818,-0.014933529669251
"beta",0.000721353526311347,0.0664236611516765,-0.00238009322621247,-0.0158359800755472,-0.0445845809217341,-0.00632663140657458
"gamma",-0.00764566212542506,-0.00238009322621247,0.0115333723986509,0.00250358206737004,-2.109174073074e-05,0.00179808784945821
"delta",0.00134174334813237,-0.0158359800755472,0.00250358206737004,0.0158150986210364,-0.00673864821252696,-0.0015160712839017
"lambda",0.000357276014633818,-0.0445845809217341,-2.109174073074e-05,-0.00673864821252696,1.23493532253582,-0.0177828408362437
"luce",-0.014933529669251,-0.00632663140657458,0.00179808784945821,-0.0015160712839017,-0.0177828408362437,0.0785138520574031
"alpha",0.0186646743331325,0.000787904259597814,-0.00193178823637079,-0.000812940242742811,0.00149867341387344,-0.017330894846424
"beta",0.000787904259597814,0.0605223463413624,0.000913497275849565,-0.00770865654491233,-0.0515082282390149,-0.00528995527578612
"gamma",-0.00193178823637079,0.000913497275849565,0.0197262269015921,0.000920571475205231,-0.00378547361867944,-0.00270849592447804
"delta",-0.000812940242742811,-0.00770865654491233,0.000920571475205231,0.00946512471698682,0.00923875916418869,0.00127421146392233
"lambda",0.00149867341387344,-0.0515082282390149,-0.00378547361867944,0.00923875916418869,1.23687330264835,-0.00317236181641652
"luce",-0.017330894846424,-0.00528995527578612,-0.00270849592447804,0.00127421146392233,-0.00317236181641652,0.0796938752992052
"alpha",0.0257108871760483,0.00449916366661878,-0.00889209030635754,0.0011060867296148,-0.00599535073446721,-0.00571039660253455
"beta",0.00449916366661878,0.0614750725150266,-0.00165850895595118,-0.0220076672552748,-0.071069187948077,-0.0037500068999044
"gamma",-0.00889209030635754,-0.00165850895595118,0.00818900116582301,-0.000213676743103577,0.00285979133234893,2.72143786915919e-06
"delta",0.0011060867296148,-0.0220076672552748,-0.000213676743103577,0.0211388064151619,0.00152207467523843,-0.00069527023412236
"lambda",-0.00599535073446721,-0.071069187948077,0.00285979133234893,0.00152207467523843,1.30610261187033,0.0039727634290625
"luce",-0.00571039660253455,-0.0037500068999044,2.72143786915919e-06,-0.00069527023412236,0.0039727634290625,0.0705862758649246
"alpha",0.0534866062398816,4.57960398749134e-06,-0.00657339547992136,0.000349269994644288,0.0109981839987811,-0.0131963922231293
"beta",4.57960398749134e-06,0.0642078443127322,0.000609025817723024,-0.012229523924688,-0.0524652347637354,-0.00934459754999248
"gamma",-0.00657339547992136,0.000609025817723024,0.00842252436017638,0.000750143255351665,-0.00275642749177182,-0.000371105056053478
"delta",0.000349269994644288,-0.012229523924688,0.000750143255351665,0.00995136623064878,-0.0141430586818825,-0.00227873398993549
"lambda",0.0109981839987811,-0.0524652347637354,-0.00275642749177182,-0.0141430586818825,1.27769697371332,-0.00903183927854475
"luce",-0.0131963922231293,-0.00934459754999248,-0.000371105056053478,-0.00227873398993549,-0.00903183927854475,0.076578109511593
"alpha",0.01637950013533,0.0100359783648105,-0.00796769826262256,0.00192185998008851,0.0116362694528715,-0.00291972869428511
"beta",0.0100359783648105,0.0181448580090138,-0.00403363140586423,-0.00103133160433211,-0.0543531099781587,0.00243183055672324
"gamma",-0.00796769826262256,-0.00403363140586423,0.0131756209112245,-0.00149417052583666,0.00468986933940216,-0.00254829209558341
"delta",0.00192185998008851,-0.00103133160433211,-0.00149417052583666,0.0138707736906713,0.00819349765064932,0.00665550619302011
"lambda",0.0116362694528715,-0.0543531099781587,0.00468986933940216,0.00819349765064932,0.767898913559967,-0.067220496740156
"luce",-0.00291972869428511,0.00243183055672324,-0.00254829209558341,0.00665550619302011,-0.067220496740156,0.0822726597236105
"alpha",0.0158807365073377,-0.000508675951020241,0.000660205532737004,0.00136095402196088,-0.000104297607426281,-0.00154358749555147
"beta",-0.000508675951020241,0.0685184304012671,-0.000375021249698243,-0.0106194935321476,-0.0445528746933433,-0.00855034072839063
"gamma",0.000660205532737004,-0.000375021249698243,0.00767155947370631,0.000483135968850342,-0.00337002637464541,0.00376278542813144
"delta",0.00136095402196088,-0.0106194935321476,0.000483135968850342,0.0109779156397519,-0.00871211514089695,0.000597298599256883
"lambda",-0.000104297607426281,-0.0445528746933433,-0.00337002637464541,-0.00871211514089695,1.32045701672681,-0.0127844507776657
"luce",-0.00154358749555147,-0.00855034072839063,0.00376278542813144,0.000597298599256883,-0.0127844507776657,0.0819792979887132
"alpha",0.021917844928924,0.00169907591368533,0.0053970710720983,-0.00011539631960055,0.00392638570343759,-0.0117484059133117
"beta",0.00169907591368533,0.0101600310653351,0.000883916376857408,-0.00379591872071957,-0.00912912443943491,8.77077474887991e-05
"gamma",0.0053970710720983,0.000883916376857408,0.0396437305904224,-1.90316387589277e-05,0.00256577936371934,0.00453920275156535
"delta",-0.00011539631960055,-0.00379591872071957,-1.90316387589277e-05,0.0163793474842755,-0.000737292509050077,-0.000249650749266943
"lambda",0.00392638570343759,-0.00912912443943491,0.00256577936371934,-0.000737292509050077,1.28994918559963,-0.0179736899466915
"luce",-0.0117484059133117,8.77077474887991e-05,0.00453920275156535,-0.000249650749266943,-0.0179736899466915,0.080196734138392
"alpha",0.0180451600016671,0.00128030550975782,-0.00234810023245654,0.00138227565529038,0.0101959001062155,-0.0147066287880471
"beta",0.00128030550975782,0.0104159024690466,-0.000680787709747551,-0.0006120698635277,-0.0406284029645067,-0.00691423293172824
"gamma",-0.00234810023245654,-0.000680787709747551,0.0279053072072267,0.00110637227203479,-0.00287906165657088,0.00510393236918374
"delta",0.00138227565529038,-0.0006120698635277,0.00110637227203479,0.0240470964657984,-0.00658268439421681,0.000262847687487047
"lambda",0.0101959001062155,-0.0406284029645067,-0.00287906165657088,-0.00658268439421681,0.889316102995511,-0.0648305497708451
"luce",-0.0147066287880471,-0.00691423293172824,0.00510393236918374,0.000262847687487047,-0.0648305497708451,0.0741024205407032
"alpha",0.0335483898293361,0.0044025452226152,-0.00377880163484897,-0.00137885397030399,0.00193464566280688,-0.00711183561130669
"beta",0.0044025452226152,0.0228301540121104,0.000364996196606511,-0.00810654267510459,-0.0407167162959648,-0.0070943011787715
"gamma",-0.00377880163484897,0.000364996196606511,0.0236287089020056,-0.000357480166751301,-0.00429707920958848,0.000414978080851981
"delta",-0.00137885397030399,-0.00810654267510459,-0.000357480166751301,0.0180392921926384,0.0178789375736482,0.00365098716971837
"lambda",0.00193464566280688,-0.0407167162959648,-0.00429707920958848,0.0178789375736482,1.18442692419294,0.0056345467297051
"luce",-0.00711183561130669,-0.0070943011787715,0.000414978080851981,0.00365098716971837,0.0056345467297051,0.0751904467456186
"alpha",0.00927140665213892,0.000607302289989963,-0.00360887310343178,7.98551276988862e-05,0.00205625903092428,-0.00802545921941497
"beta",0.000607302289989963,0.01706364639504,-0.000429550479341316,-0.00311777611618275,-9.71886528520362e-05,-0.000766609121972548
"gamma",-0.00360887310343178,-0.000429550479341316,0.0529977825806661,0.000432135237400488,-0.00440977567874855,-0.00621769989968804
"delta",7.98551276988862e-05,-0.00311777611618275,0.000432135237400488,0.00621227478467438,0.00136148790218222,-0.000171534783259351
"lambda",0.00205625903092428,-9.71886528520362e-05,-0.00440977567874855,0.00136148790218222,1.29599280010275,-0.0131646808918279
"luce",-0.00802545921941497,-0.000766609121972548,-0.00621769989968804,-0.000171534783259351,-0.0131646808918279,0.0725164458782139
"alpha",0.0487276609394431,0.00490981138326443,-0.00419353797069844,-0.000521913382413578,-0.00768736955276437,-0.00965507863254459
"beta",0.00490981138326443,0.0513550709397655,0.00352703337991859,-0.00746668923696511,-0.0443546744493673,-0.00442031462883276
"gamma",-0.00419353797069844,0.00352703337991859,0.0158706282167189,0.000933099828517177,0.0040532197370852,0.000122520130506574
"delta",-0.000521913382413578,-0.00746668923696511,0.000933099828517177,0.0189170335317714,-0.00898297308184299,-0.000442998352569243
"lambda",-0.00768736955276437,-0.0443546744493673,0.0040532197370852,-0.00898297308184299,1.23738547347938,-0.00665687493963205
"luce",-0.00965507863254459,-0.00442031462883276,0.000122520130506574,-0.000442998352569243,-0.00665687493963205,0.0765889186234507
"alpha",0.0191931939322404,-0.000272106900156773,0.00658601717130195,2.04687851104104e-05,0.00436074769710613,-0.0150674216684803
"beta",-0.000272106900156773,0.0710466158813007,-0.00122895479060847,-0.0136400624473236,-0.0276192084235068,-0.00539009937080246
"gamma",0.00658601717130195,-0.00122895479060847,0.0234667962859186,0.00111596033258712,-0.00242859767878506,0.00102117381653966
"delta",2.04687851104104e-05,-0.0136400624473236,0.00111596033258712,0.0135842254589209,-0.0133769525419133,-0.00290750317983791
"lambda",0.00436074769710613,-0.0276192084235068,-0.00242859767878506,-0.0133769525419133,1.30246078576326,-0.0129103386770994
"luce",-0.0150674216684803,-0.00539009937080246,0.00102117381653966,-0.00290750317983791,-0.0129103386770994,0.0804799021200432
"alpha",0.030731990820472,0.00308114182008854,-0.00362229570443031,-0.00172150376502834,0.00248778540462861,-0.00332880572212957
"beta",0.00308114182008854,0.0319811063418844,0.00275474197116402,-0.0153539995483476,-0.0306236443379627,-0.00117435599227363
"gamma",-0.00362229570443031,0.00275474197116402,0.0261367518711616,-0.001519198811832,0.0109972098471124,0.00050873356703524
"delta",-0.00172150376502834,-0.0153539995483476,-0.001519198811832,0.0130483550378334,0.0016346446301061,-0.00168980976948834
"lambda",0.00248778540462861,-0.0306236443379627,0.0109972098471124,0.0016346446301061,1.23899517716282,-0.0109392811472012
"luce",-0.00332880572212957,-0.00117435599227363,0.00050873356703524,-0.00168980976948834,-0.0109392811472012,0.0805615361677686
"alpha",0.0184416849924947,0.0111969998136051,-3.87565738135753e-05,-0.00119013848398832,0.0105641583185312,-0.00516013272583345
"beta",0.0111969998136051,0.0363947047072112,0.000672909935773072,-0.0191792794804058,-0.0912433643467417,-0.00299576548239759
"gamma",-3.87565738135753e-05,0.000672909935773072,0.0103471241381666,-0.000676880785408784,-0.00316606067435854,0.000651127847479875
"delta",-0.00119013848398832,-0.0191792794804058,-0.000676880785408784,0.0221750795890551,0.0189355040026952,-3.70486092203392e-05
"lambda",0.0105641583185312,-0.0912433643467417,-0.00316606067435854,0.0189355040026952,1.13926906058363,-0.00955372423625649
"luce",-0.00516013272583345,-0.00299576548239759,0.000651127847479875,-3.70486092203392e-05,-0.00955372423625649,0.0721251667250069
"alpha",0.0534843741868729,0.0204308404754556,-0.0182853270480257,-0.00795729270252256,0.0348701855919757,-0.00639961998258772
"beta",0.0204308404754556,0.0343681799331715,-0.00598465780618225,-0.0135678893851084,-0.0315587667489794,-0.00366871332120436
"gamma",-0.0182853270480257,-0.00598465780618225,0.0248660214666889,0.00176815898544992,-0.0086051416162741,0.0025054579086525
"delta",-0.00795729270252256,-0.0135678893851084,0.00176815898544992,0.0120390079568384,0.000211824939758587,-0.000533601873036984
"lambda",0.0348701855919757,-0.0315587667489794,-0.0086051416162741,0.000211824939758587,1.09642974173005,-0.00170703033040407
"luce",-0.00639961998258772,-0.00366871332120436,0.0025054579086525,-0.000533601873036984,-0.00170703033040407,0.0798647567930738
"alpha",0.0461418379369666,-0.000704991765162959,-0.00936616144528639,-0.000367756411859454,-0.00509596465755439,-0.0165912534610242
"beta",-0.000704991765162959,0.0664439281186457,0.00199047072490873,-0.0116422235935221,-0.0460582796628967,-0.00987193837381654
"gamma",-0.00936616144528639,0.00199047072490873,0.0164257399329811,0.00105724840197187,-0.00182166941711794,-0.000912277977734029
"delta",-0.000367756411859454,-0.0116422235935221,0.00105724840197187,0.0139534893738914,-0.00354252418226897,-0.000880329664159447
"lambda",-0.00509596465755439,-0.0460582796628967,-0.00182166941711794,-0.00354252418226897,1.30638399855539,-0.0115865712169809
"luce",-0.0165912534610242,-0.00987193837381654,-0.000912277977734029,-0.000880329664159447,-0.0115865712169809,0.0780853932255696
"alpha",0.051296730797426,-0.000872832826088768,-0.0167405888776133,-0.00098766956581675,-0.0023104230694879,-0.0109550400193545
"beta",-0.000872832826088768,0.0671249275657216,0.00159188127051666,-0.0136216293761119,-0.0447130740975752,-0.00987889871863903
"gamma",-0.0167405888776133,0.00159188127051666,0.0193277141546311,0.000756280280316773,0.000879649846573585,0.00106358356790381
"delta",-0.00098766956581675,-0.0136216293761119,0.000756280280316773,0.013590993646882,0.0141640903575136,0.00157367791932641
"lambda",-0.0023104230694879,-0.0447130740975752,0.000879649846573585,0.0141640903575136,1.25218976230439,-0.00134292190356332
"luce",-0.0109550400193545,-0.00987889871863903,0.00106358356790381,0.00157367791932641,-0.00134292190356332,0.0720221990577308
"alpha",0.0141839279829763,0.00100451517269428,-4.81912979854474e-05,-0.000697947005241589,0.00356233171528166,-0.00995753269530305
"beta",0.00100451517269428,0.0187299241864899,0.00142812791094961,-0.00129552890664821,-0.0700948664823643,-0.00794984194511374
"gamma",-4.81912979854474e-05,0.00142812791094961,0.049203496376509,0.00277643056038218,0.00165766161692291,0.00125939688542208
"delta",-0.000697947005241589,-0.00129552890664821,0.00277643056038218,0.02741954913794,0.00464498512514694,-0.000275969068992814
"lambda",0.00356233171528166,-0.0700948664823643,0.00165766161692291,0.00464498512514694,1.10480942044927,-0.0525558590504313
"luce",-0.00995753269530305,-0.00794984194511374,0.00125939688542208,-0.000275969068992814,-0.0525558590504313,0.058534524927856
"alpha",0.0512492001970108,0.000848557209962963,-0.0102458291571391,-0.00105102160117048,-0.0195167298171251,-0.0132222878250802
"beta",0.000848557209962963,0.0547592111624218,-0.000275538689934484,-0.0109262532787653,-0.029903666957687,-0.00778338343328407
"gamma",-0.0102458291571391,-0.000275538689934484,0.0215519511602725,0.000673060739863601,0.00659709224367893,-0.00168187917094737
"delta",-0.00105102160117048,-0.0109262532787653,0.000673060739863601,0.00896268460431857,0.0225541601321005,0.00359100405511867
"lambda",-0.0195167298171251,-0.029903666957687,0.00659709224367893,0.0225541601321005,1.29778002951843,-0.000204126284421939
"luce",-0.0132222878250802,-0.00778338343328407,-0.00168187917094737,0.00359100405511867,-0.000204126284421939,0.0819752282788839
"alpha",0.0432896262325724,0.00217665466145552,-0.00262139208561961,0.00490084049291039,0.00677656038281019,-0.00875861398353017
"beta",0.00217665466145552,0.0662376568101401,0.00104723517547799,-0.0108273512593117,-0.0662404722854085,-0.00899741266557173
"gamma",-0.00262139208561961,0.00104723517547799,0.0122665574315963,0.00208890981429707,-0.00298713265546054,0.00451622630112339
"delta",0.00490084049291039,-0.0108273512593117,0.00208890981429707,0.018807452198044,-0.0126356962347112,0.000434064911736477
"lambda",0.00677656038281019,-0.0662404722854085,-0.00298713265546054,-0.0126356962347112,1.26505504149383,-0.0110579612189859
"luce",-0.00875861398353017,-0.00899741266557173,0.00451622630112339,0.000434064911736477,-0.0110579612189859,0.0783137984108734
"alpha",0.0388004355932395,-0.00207502098707624,-0.00570067859442528,0.000886658409496201,0.00502757973665541,-0.00960036163621634
"beta",-0.00207502098707624,0.0750433078207621,0.000785726733990958,-0.0102415974123371,-0.041937231729575,-0.00483892207418824
"gamma",-0.00570067859442528,0.000785726733990958,0.0149983234132648,0.000132350098052327,-0.00347127720844856,0.00188777058151986
"delta",0.000886658409496201,-0.0102415974123371,0.000132350098052327,0.00872246681021416,-0.0104971946373846,-0.00132805301608635
"lambda",0.00502757973665541,-0.041937231729575,-0.00347127720844856,-0.0104971946373846,1.33137123759113,-0.0296405481923481
"luce",-0.00960036163621634,-0.00483892207418824,0.00188777058151986,-0.00132805301608635,-0.0296405481923481,0.0739606169606391
"alpha",0.00566549499781719,0.00143240286374445,0.00138139153052182,-0.000316686709164241,-0.00220015001096975,-0.0049053739875226
"beta",0.00143240286374445,0.0536689402981636,-0.000440785489839725,-0.0134206129362887,-0.0583062645739261,-0.0112307136315088
"gamma",0.00138139153052182,-0.000440785489839725,0.0598858045290303,0.000604275687386113,-0.00761054242737579,0.00723514408651258
"delta",-0.000316686709164241,-0.0134206129362887,0.000604275687386113,0.00975782372849516,0.00733469383550956,0.0024025304822034
"lambda",-0.00220015001096975,-0.0583062645739261,-0.00761054242737579,0.00733469383550956,1.14518680782425,0.00102431139327235
"luce",-0.0049053739875226,-0.0112307136315088,0.00723514408651258,0.0024025304822034,0.00102431139327235,0.0672519859496945
"alpha",0.0199239554446668,0.000951773618744079,0.00300775577783772,0.000111321465313137,0.00697352349558071,-0.011217387072808
"beta",0.000951773618744079,0.0195975660363713,0.000971972541574174,-0.00218565273984284,-0.0559559626209371,-0.00993033466276426
"gamma",0.00300775577783772,0.000971972541574174,0.0321237723093822,0.00181561570624137,-0.00139978578700177,0.00281100036686378
"delta",0.000111321465313137,-0.00218565273984284,0.00181561570624137,0.0373503941341502,0.0432228908573596,0.00494657167554306
"lambda",0.00697352349558071,-0.0559559626209371,-0.00139978578700177,0.0432228908573596,1.06044543204357,-0.0662471942749096
"luce",-0.011217387072808,-0.00993033466276426,0.00281100036686378,0.00494657167554306,-0.0662471942749096,0.0752441848391819
"alpha",0.044198473975298,0.00450929463832886,-0.00973616234670239,0.000479718342254284,0.00250890765069833,-0.00859215505215235
"beta",0.00450929463832886,0.0540757232633059,0.00301507326814006,-0.0121799969144776,-0.0392387749528421,-0.00610487856003123
"gamma",-0.00973616234670239,0.00301507326814006,0.0149065987008882,0.000262893274885331,0.00473864353154843,0.00157893259079134
"delta",0.000479718342254284,-0.0121799969144776,0.000262893274885331,0.00774628577883754,0.0011706562790093,0.00109787467994712
"lambda",0.00250890765069833,-0.0392387749528421,0.00473864353154843,0.0011706562790093,1.12479268763134,-0.00260905370334438
"luce",-0.00859215505215235,-0.00610487856003123,0.00157893259079134,0.00109787467994712,-0.00260905370334438,0.0691999142052387
"alpha",0.0586061790037448,0.000672863040074998,-0.0140811346312736,-0.000332836964633315,-0.00485556090081518,-0.0114957742767642
"beta",0.000672863040074998,0.040511361292597,0.000302945097741482,-0.00220224859820439,-0.0428648849842756,-0.0061519979008209
"gamma",-0.0140811346312736,0.000302945097741482,0.0177318116638409,0.000227086618621865,0.00587610892728696,-0.00147518357288062
"delta",-0.000332836964633315,-0.00220224859820439,0.000227086618621865,0.031203240401885,0.00765546835106191,0.00485965491739467
"lambda",-0.00485556090081518,-0.0428648849842756,0.00587610892728696,0.00765546835106191,1.26501232480945,-0.00417206911451472
"luce",-0.0114957742767642,-0.0061519979008209,-0.00147518357288062,0.00485965491739467,-0.00417206911451472,0.0826705263504156
"alpha",0.0140946181790283,0.000427280357319711,0.00412318268599055,-0.000167423861001269,-0.00215724663228429,-0.00902105471410033
"beta",0.000427280357319711,0.0605211312642361,-0.0016386658228162,-0.0133797234087695,-0.0289115620736888,-0.00778227258075503
"gamma",0.00412318268599055,-0.0016386658228162,0.0323876486867634,0.000443201101145654,-0.0071507495114295,0.00585347665286826
"delta",-0.000167423861001269,-0.0133797234087695,0.000443201101145654,0.0126103530819983,-0.00269770971101991,0.000418295466562378
"lambda",-0.00215724663228429,-0.0289115620736888,-0.0071507495114295,-0.00269770971101991,1.16335650801572,-0.0114659643178929
"luce",-0.00902105471410033,-0.00778227258075503,0.00585347665286826,0.000418295466562378,-0.0114659643178929,0.0815637124622661
"alpha",0.0188443538200809,0.000131602374550014,0.00694888393388654,2.89039595246249e-05,-0.00594360564351497,-0.0117731270550528
"beta",0.000131602374550014,0.0176703117681507,0.00120951723412661,-0.00346054279659497,0.00530147926814178,0.000550574238593546
"gamma",0.00694888393388654,0.00120951723412661,0.0487741398817232,0.00082578971246209,0.000574096205139983,0.00296362187228097
"delta",2.89039595246249e-05,-0.00346054279659497,0.00082578971246209,0.0185806540253491,0.0107330504169373,-0.000128249020758913
"lambda",-0.00594360564351497,0.00530147926814178,0.000574096205139983,0.0107330504169373,1.32616686641262,-0.00337638113442365
"luce",-0.0117731270550528,0.000550574238593546,0.00296362187228097,-0.000128249020758913,-0.00337638113442365,0.0778326420247125
"alpha",0.0156086725019575,0.00334748416929064,0.00071249979971035,0.00195928230109898,0.0226916278236946,-0.0144464836603693
"beta",0.00334748416929064,0.0129273219501124,0.000668855337300945,-4.38446082213966e-05,-0.0682477870874643,-0.0108017194204028
"gamma",0.00071249979971035,0.000668855337300945,0.0265087812457045,0.00152301192288205,-0.00122464163860823,0.00207711845499897
"delta",0.00195928230109898,-4.38446082213966e-05,0.00152301192288205,0.0289329745361629,-0.00858433795786862,0.00164505610836547
"lambda",0.0226916278236946,-0.0682477870874643,-0.00122464163860823,-0.00858433795786862,1.2348959724629,-0.0332869005118762
"luce",-0.0144464836603693,-0.0108017194204028,0.00207711845499897,0.00164505610836547,-0.0332869005118762,0.0835440429170215
"alpha",0.0373099837482114,0.000376536591141179,-0.00816799521037705,-0.000312876430153295,0.00715300154821191,-0.00930439948151935
"beta",0.000376536591141179,0.0170163370148533,0.000222630599470224,8.66190603123862e-06,-0.0492037730743005,-0.00970619724177586
"gamma",-0.00816799521037705,0.000222630599470224,0.0111499889014952,0.00137747094403162,-0.000525801142973424,-0.000485261191946524
"delta",-0.000312876430153295,8.66190603123862e-06,0.00137747094403162,0.0283506942063589,0.01638901790875,0.00630301652129357
"lambda",0.00715300154821191,-0.0492037730743005,-0.000525801142973424,0.01638901790875,0.94954079561605,-0.059794925355969
"luce",-0.00930439948151935,-0.00970619724177586,-0.000485261191946524,0.00630301652129357,-0.059794925355969,0.0782904725405576
"alpha",0.0274677780967275,0.000360484673977397,-0.00908194038908923,-8.23354485624423e-05,0.00464805109301794,-0.00775969099999504
"beta",0.000360484673977397,0.0181682272610957,-0.000231423487046479,-0.00783940458763823,0.00708442340846165,0.00100189997583663
"gamma",-0.00908194038908923,-0.000231423487046479,0.0203762903206784,8.32879046295228e-05,-0.00106200197182928,0.00151071741852415
"delta",-8.23354485624423e-05,-0.00783940458763823,8.32879046295228e-05,0.0085029265489041,-0.00461121496962713,-0.00120152383554441
"lambda",0.00464805109301794,0.00708442340846165,-0.00106200197182928,-0.00461121496962713,1.30127329125504,-0.0126014647736007
"luce",-0.00775969099999504,0.00100189997583663,0.00151071741852415,-0.00120152383554441,-0.0126014647736007,0.0745379984313552
"alpha",0.036999624410115,0.00142312748222657,-0.0164486049537987,0.000735809338388548,-0.000977323809642179,-0.0103263977558366
"beta",0.00142312748222657,0.0706022766968329,-0.00216184132533835,-0.00874403100547776,-0.0317263937381562,-0.00438932758931283
"gamma",-0.0164486049537987,-0.00216184132533835,0.0245157667210442,-3.47622554322327e-05,0.0040555632476432,0.00092326296162278
"delta",0.000735809338388548,-0.00874403100547776,-3.47622554322327e-05,0.0072337939378877,-0.0107619010804028,-0.0019268109065282
"lambda",-0.000977323809642179,-0.0317263937381562,0.0040555632476432,-0.0107619010804028,1.36131884358166,-0.015827293116671
"luce",-0.0103263977558366,-0.00438932758931283,0.00092326296162278,-0.0019268109065282,-0.015827293116671,0.077503845939982
"alpha",0.0194980515103959,0.00454014346209418,0.00405619406298619,-0.00100036049249355,0.00117506892236584,-0.0107234577400805
"beta",0.00454014346209418,0.0183389262986481,0.00139319787309022,-0.00285627631527285,-0.0430226824571789,-0.00741205181003298
"gamma",0.00405619406298619,0.00139319787309022,0.020985368051754,1.49310788809842e-05,0.00232092299480273,0.00435695863772399
"delta",-0.00100036049249355,-0.00285627631527285,1.49310788809842e-05,0.0126465512814042,0.0212263069607181,0.00313007337114515
"lambda",0.00117506892236584,-0.0430226824571789,0.00232092299480273,0.0212263069607181,1.11274149349363,-0.00937050210216073
"luce",-0.0107234577400805,-0.00741205181003298,0.00435695863772399,0.00313007337114515,-0.00937050210216073,0.0790648981345951
"alpha",0.0217900679586498,-0.000249856731678141,0.000802253076209152,8.69721803085814e-05,-0.0067452910358959,-0.0124735460387433
"beta",-0.000249856731678141,0.013364108961688,0.000976184233363225,-0.00141184161393697,0.00308310148535143,0.000638868852095852
"gamma",0.000802253076209152,0.000976184233363225,0.0424521375360227,-0.000672284888559268,-0.000536561311401685,0.00954374989677308
"delta",8.69721803085814e-05,-0.00141184161393697,-0.000672284888559268,0.00719053124545434,0.00760794487920809,0.00141223245724108
"lambda",-0.0067452910358959,0.00308310148535143,-0.000536561311401685,0.00760794487920809,1.3373152529406,0.0141390176355575
"luce",-0.0124735460387433,0.000638868852095852,0.00954374989677308,0.00141223245724108,0.0141390176355575,0.0803176963716945
"alpha",0.0475046051400004,0.00313652410435942,-0.0082491807581778,9.37343508676209e-05,-0.00304600051101301,-0.0109797463177768
"beta",0.00313652410435942,0.0128314710736337,0.000337102199812208,-0.000534522026946121,-0.054752901459275,-0.0101350220590941
"gamma",-0.0082491807581778,0.000337102199812208,0.0128592813641434,0.00239045054002589,0.0136837443396238,0.00255613503227909
"delta",9.37343508676209e-05,-0.000534522026946121,0.00239045054002589,0.0255370083736035,0.0252938514152105,0.00686302918037015
"lambda",-0.00304600051101301,-0.054752901459275,0.0136837443396238,0.0252938514152105,1.19413545848906,-0.00957848312704673
"luce",-0.0109797463177768,-0.0101350220590941,0.00255613503227909,0.00686302918037015,-0.00957848312704673,0.0776280833626767
"alpha",0.0370817585186392,0.00190215401466406,-0.0101915220028499,-0.000313623633873585,-0.00547724996567737,-0.0211332071498561
"beta",0.00190215401466406,0.015200415425905,-0.00070444617727864,0.00372267928582387,-0.0385346910259143,-0.00764700300804498
"gamma",-0.0101915220028499,-0.00070444617727864,0.0183274888511184,-0.00029416175979544,-0.000634492641935458,0.00606597463163237
"delta",-0.000313623633873585,0.00372267928582387,-0.00029416175979544,0.0242003005247757,0.0298845919055541,0.0031593236749018
"lambda",-0.00547724996567737,-0.0385346910259143,-0.000634492641935458,0.0298845919055541,1.26681335800952,-0.031092515491769
"luce",-0.0211332071498561,-0.00764700300804498,0.00606597463163237,0.0031593236749018,-0.031092515491769,0.0774137733976385
"alpha",0.0205846423987352,0.00335287235544861,-0.00304152597024603,0.00105839483330645,-0.00144073653465507,-0.00315335483539896
"beta",0.00335287235544861,0.0425902269868579,0.00216405954497577,-0.0177708958680243,-0.0234559682582478,-0.00595410398481663
"gamma",-0.00304152597024603,0.00216405954497577,0.0238899003298826,-0.00158523064029937,0.00837235357178734,0.00143732678024252
"delta",0.00105839483330645,-0.0177708958680243,-0.00158523064029937,0.0262942053812082,0.00504619430159807,0.00644327505998462
"lambda",-0.00144073653465507,-0.0234559682582478,0.00837235357178734,0.00504619430159807,1.2384394965716,-0.0228925100969704
"luce",-0.00315335483539896,-0.00595410398481663,0.00143732678024252,0.00644327505998462,-0.0228925100969704,0.0764430039079744
"alpha",0.0315843185061324,0.0113576819870079,0.00822292422278166,0.000256680895295196,0.0179250982666928,-0.0163026884515486
"beta",0.0113576819870079,0.0550945329649005,0.0101253619805545,-0.00908980546629182,-0.0381680542656513,-0.00764038255121451
"gamma",0.00822292422278166,0.0101253619805545,0.0376827738172001,0.00155113881066473,0.0177572376288365,0.00379869286527293
"delta",0.000256680895295196,-0.00908980546629182,0.00155113881066473,0.00882527849651278,0.00343904349848172,0.000740936899752696
"lambda",0.0179250982666928,-0.0381680542656513,0.0177572376288365,0.00343904349848172,1.20691126731963,0.000174009636364501
"luce",-0.0163026884515486,-0.00764038255121451,0.00379869286527293,0.000740936899752696,0.000174009636364501,0.0802698847459635
"alpha",0.0218368809379629,0.00167494330857196,0.00543567403242571,-0.00110912475368794,0.00262073561819963,-0.0128628779096771
"beta",0.00167494330857196,0.0138393535676706,-0.000265858146231439,-0.00133862568177524,-0.0596766442808722,-0.00872589721725437
"gamma",0.00543567403242571,-0.000265858146231439,0.0460449338491394,0.00154125284525558,0.00720232105044336,0.00609949422567684
"delta",-0.00110912475368794,-0.00133862568177524,0.00154125284525558,0.0258028559927338,0.0161029771512123,0.00477232082289533
"lambda",0.00262073561819963,-0.0596766442808722,0.00720232105044336,0.0161029771512123,1.19835492977514,-0.0282515650249498
"luce",-0.0128628779096771,-0.00872589721725437,0.00609949422567684,0.00477232082289533,-0.0282515650249498,0.0789359393342931
"alpha",0.0340658789481357,0.0235949663217591,-0.00390896832418165,0.00446212429101527,0.0282600265430556,-0.00987879148852809
"beta",0.0235949663217591,0.0568109726179763,-0.000844933185568363,-0.00609702946384212,-0.0554110775045489,-0.000950889069934672
"gamma",-0.00390896832418165,-0.000844933185568363,0.0164254056356775,-0.000413259829469173,-0.00667944008418006,8.03310413085969e-05
"delta",0.00446212429101527,-0.00609702946384212,-0.000413259829469173,0.00730082830731015,-0.00319959461102417,-0.000241320856329611
"lambda",0.0282600265430556,-0.0554110775045489,-0.00667944008418006,-0.00319959461102417,1.2380159515867,-0.0269928118460762
"luce",-0.00987879148852809,-0.000950889069934672,8.03310413085969e-05,-0.000241320856329611,-0.0269928118460762,0.0816811687816076
"alpha",0.0368002432394209,-0.00101950207870622,0.0084773322881284,0.00279291301722391,-0.00715368481033983,-0.021642195943467
"beta",-0.00101950207870622,0.0418174788752395,-0.00262888896791483,-0.0192339080900613,-0.0612683126325709,-0.00985371374795089
"gamma",0.0084773322881284,-0.00262888896791483,0.0226849998314342,0.0011858862596138,0.00472911717348186,0.00213499244771243
"delta",0.00279291301722391,-0.0192339080900613,0.0011858862596138,0.0269759599451429,0.0231572632329333,0.00466116709872141
"lambda",-0.00715368481033983,-0.0612683126325709,0.00472911717348186,0.0231572632329333,1.34299620735635,0.00296756284255025
"luce",-0.021642195943467,-0.00985371374795089,0.00213499244771243,0.00466116709872141,0.00296756284255025,0.081071085066851
"alpha",0.0377933597417691,0.00453307634793952,-0.00908697289866221,-6.92441885473443e-05,0.00851499524702962,-0.00873082832188972
"beta",0.00453307634793952,0.0552570970801008,0.00474722423928267,-0.0148886749931528,-0.0453113929766943,-0.00638595132615949
"gamma",-0.00908697289866221,0.00474722423928267,0.0279294631383498,-0.000143565514321589,0.00465677219244169,-0.000507211317231618
"delta",-6.92441885473443e-05,-0.0148886749931528,-0.000143565514321589,0.0116070978927762,0.00536908823448346,9.34230950282642e-05
"lambda",0.00851499524702962,-0.0453113929766943,0.00465677219244169,0.00536908823448346,1.15570528474545,7.2603473545629e-05
"luce",-0.00873082832188972,-0.00638595132615949,-0.000507211317231618,9.34230950282642e-05,7.2603473545629e-05,0.0744355208847697
"alpha",0.0163968772209854,0.000435089023849173,0.00326580710076812,-1.15311797785735e-06,-0.000956749282155867,-0.00880217309276465
"beta",0.000435089023849173,0.0190676312210721,0.00320774599102106,-0.00458878934584674,0.027949496811225,0.00616288422511401
"gamma",0.00326580710076812,0.00320774599102106,0.0570537593248497,-0.000231510015619346,0.0121412313945661,0.00692441784536798
"delta",-1.15311797785735e-06,-0.00458878934584674,-0.000231510015619346,0.00331095646863231,-0.00277742773941763,-0.00079844862682857
"lambda",-0.000956749282155867,0.027949496811225,0.0121412313945661,-0.00277742773941763,1.35183079933166,0.0140144444326473
"luce",-0.00880217309276465,0.00616288422511401,0.00692441784536798,-0.00079844862682857,0.0140144444326473,0.0797290647819536
"alpha",0.0202501015371793,0.00507248896327572,0.000639612804180024,-0.000232999536446147,-0.00458785293969635,-0.0150129512919389
"beta",0.00507248896327572,0.0205199883669841,0.000903364796758929,-0.0019955178506345,-0.0782237460915119,-0.0136599820199302
"gamma",0.000639612804180024,0.000903364796758929,0.0261114047336888,-0.000839492180935399,0.00774874561132761,0.00373974957469141
"delta",-0.000232999536446147,-0.0019955178506345,-0.000839492180935399,0.0161887637444133,0.0244369722310857,0.00297865510977313
"lambda",-0.00458785293969635,-0.0782237460915119,0.00774874561132761,0.0244369722310857,1.26369272135493,-0.00466423154732174
"luce",-0.0150129512919389,-0.0136599820199302,0.00373974957469141,0.00297865510977313,-0.00466423154732174,0.080508131903024
"alpha",0.0197581944955071,0.00296343777633188,-0.00165478955983787,-0.000394191394379806,0.00315466199958067,-0.0192002897727161
"beta",0.00296343777633188,0.068303088928373,0.000618350193045435,-0.0122526555083889,-0.0604593966603251,-0.0134286279599501
"gamma",-0.00165478955983787,0.000618350193045435,0.014939304381086,0.00192353908445138,-0.00458509082799541,-0.00168005219061606
"delta",-0.000394191394379806,-0.0122526555083889,0.00192353908445138,0.0118733415265754,-0.00647514474565504,-0.000463932630915074
