,alpha,beta,gamma,delta,lambda,luce
,0,0,0,0,0,0
alpha,0.017727774,0.000638189,0.002580117,0.000742862,0.041935718,-0.002639382
beta,0.000638189,0.001435102,0.00403185,0.000640391,-0.009712021,-0.000421738
gamma,0.002580117,0.00403185,0.043772934,0.000201788,0.001029163,0.00065901
delta,0.000742862,0.000640391,0.000201788,0.001846909,-0.001911861,-0.001094806
lambda,0.041935718,-0.009712021,0.001029163,-0.001911861,0.84145247,-0.091636577
luce,-0.002639382,-0.000421738,0.00065901,-0.001094806,-0.091636577,0.062236696
alpha,0.00561098,0.000486771,-0.000876918,0.001215226,0.045807251,-0.011355051
beta,0.000486771,0.001324958,0.000840128,0.00048346,-0.018056646,0.000537838
gamma,-0.000876918,0.000840128,0.011106947,-0.002516858,-0.005862756,-6.23E-05
delta,0.001215226,0.00048346,-0.002516858,0.00322814,-0.000957592,-0.002726003
lambda,0.045807251,-0.018056646,-0.005862756,-0.000957592,0.992408382,-0.174909748
luce,-0.011355051,0.000537838,-6.23E-05,-0.002726003,-0.174909748,0.064803591
alpha,0.05890629,-0.000255242,-0.022235305,-0.002569502,0.014671889,-0.00504073
beta,-0.000255242,0.001212814,0.000958039,0.000709288,-0.0084501,-0.000623082
gamma,-0.022235305,0.000958039,0.064335454,-0.002056626,0.005557721,-0.005348875
delta,-0.002569502,0.000709288,-0.002056626,0.002136624,4.50E-06,-0.000868326
lambda,0.014671889,-0.0084501,0.005557721,4.50E-06,0.982558744,-0.161965837
luce,-0.00504073,-0.000623082,-0.005348875,-0.000868326,-0.161965837,0.072434377
alpha,0.050693591,0.001166242,-0.030537601,0.003496406,0.014771448,0.003091269
beta,0.001166242,0.006533274,0.002457661,-6.66E-05,-0.025534639,-0.003178621
gamma,-0.030537601,0.002457661,0.10955695,-0.01237217,-0.041620291,-0.023389915
delta,0.003496406,-6.66E-05,-0.01237217,0.038709065,-0.016968373,-0.003131994
lambda,0.014771448,-0.025534639,-0.041620291,-0.016968373,0.812163025,-0.049861439
luce,0.003091269,-0.003178621,-0.023389915,-0.003131994,-0.049861439,0.053622209
alpha,0.01210566,0.002312974,-0.002115435,0.000594029,0.007559862,-0.006800225
beta,0.002312974,0.002428392,0.003707983,0.000150093,-0.018293193,-0.002657757
gamma,-0.002115435,0.003707983,0.046161117,-0.001258646,-0.031587468,-0.006696366
delta,0.000594029,0.000150093,-0.001258646,0.00373767,-0.001833538,-0.000941062
lambda,0.007559862,-0.018293193,-0.031587468,-0.001833538,0.624993267,-0.069898425
luce,-0.006800225,-0.002657757,-0.006696366,-0.000941062,-0.069898425,0.041413219
alpha,0.008530181,0.000173705,-0.000218436,0.011412018,-0.029545393,-0.017912267
beta,0.000173705,0.03164454,0.005885243,-0.007895184,-0.02858067,0.002594431
gamma,-0.000218436,0.005885243,0.018842848,-0.001767335,-0.009279462,-0.005613481
delta,0.011412018,-0.007895184,-0.001767335,0.028633367,-0.077685373,-0.023406267
lambda,-0.029545393,-0.02858067,-0.009279462,-0.077685373,1.00701273,0.046567366
luce,-0.017912267,0.002594431,-0.005613481,-0.023406267,0.046567366,0.064112769
alpha,0.031909756,-0.018353387,-0.028768061,0.035407756,0.018992766,-0.020364079
beta,-0.018353387,0.075556879,0.024184189,-0.048789589,-0.005489088,0.016398981
gamma,-0.028768061,0.024184189,0.050620001,-0.04059553,-0.015556135,0.008701107
delta,0.035407756,-0.048789589,-0.04059553,0.090287636,-0.041638893,-0.033732887
lambda,0.018992766,-0.005489088,-0.015556135,-0.041638893,1.316860322,-0.035012243
luce,-0.020364079,0.016398981,0.008701107,-0.033732887,-0.035012243,0.079209891
alpha,0.055288011,-0.007659518,-0.040010758,0.004535032,-0.004397411,-0.003617741
beta,-0.007659518,0.045013879,0.017932982,-0.012081853,-0.034082448,-0.00139228
gamma,-0.040010758,0.017932982,0.086352178,-0.010025478,0.019057827,-0.001769287
delta,0.004535032,-0.012081853,-0.010025478,0.01177374,-0.030033799,-0.006154444
lambda,-0.004397411,-0.034082448,0.019057827,-0.030033799,1.29187639,-0.0265659
luce,-0.003617741,-0.00139228,-0.001769287,-0.006154444,-0.0265659,0.078536084
alpha,0.077033999,-0.00301948,-0.03979281,0.001293263,0.001903,0.007484698
beta,-0.00301948,0.07152489,0.004785084,-0.012800477,-0.032117115,-0.005823481
gamma,-0.03979281,0.004785084,0.073469992,-0.000880522,0.003284257,-0.017137011
delta,0.001293263,-0.012800477,-0.000880522,0.008807441,-0.008016636,-0.001299715
lambda,0.001903,-0.032117115,0.003284257,-0.008016636,1.321065581,-0.027526633
luce,0.007484698,-0.005823481,-0.017137011,-0.001299715,-0.027526633,0.081575135
alpha,0.073612206,0.004199905,-0.030445638,-0.000266096,-0.013584321,0.005422263
beta,0.004199905,0.074964938,-0.003310524,-0.00741781,-0.034425314,-0.001619212
gamma,-0.030445638,-0.003310524,0.046399412,0.00045136,0.007177383,-0.014757543
delta,-0.000266096,-0.00741781,0.00045136,0.004557327,-0.01153958,-0.001966696
lambda,-0.013584321,-0.034425314,0.007177383,-0.01153958,1.264641953,-0.013161019
luce,0.005422263,-0.001619212,-0.014757543,-0.001966696,-0.013161019,0.082570269
alpha,0.002370726,-0.002036784,-0.000295215,0.003778797,0.001366443,-0.005183587
beta,-0.002036784,0.051378804,0.000650631,-0.025997067,-0.009994461,0.008333448
gamma,-0.000295215,0.000650631,0.002278441,-0.001741014,-0.00394183,-0.002064478
delta,0.003778797,-0.025997067,-0.001741014,0.052454656,-0.054615611,-0.01417699
lambda,0.001366443,-0.009994461,-0.00394183,-0.054615611,1.329772983,-0.008031248
luce,-0.005183587,0.008333448,-0.002064478,-0.01417699,-0.008031248,0.054199321
alpha,0.069934609,-0.003132182,-0.043398812,0.001216783,0.00593897,0.00279462
beta,-0.003132182,0.006671793,0.008307597,-0.000624603,-0.047412436,-0.007178409
gamma,-0.043398812,0.008307597,0.087111174,-0.002353135,-0.001147628,-0.015119423
delta,0.001216783,-0.000624603,-0.002353135,0.00097527,-0.007663587,-0.001118825
lambda,0.00593897,-0.047412436,-0.001147628,-0.007663587,1.185641582,-0.092544203
luce,0.00279462,-0.007178409,-0.015119423,-0.001118825,-0.092544203,0.077949025
alpha,0.002019903,-0.000365709,-0.000642218,0.000521654,0.02401158,-0.006038615
beta,-0.000365709,0.003311217,0.001253193,0.002252142,-0.034832248,0.000867903
gamma,-0.000642218,0.001253193,0.0018768,-6.41E-06,-0.010839731,-0.000239284
delta,0.000521654,0.002252142,-6.41E-06,0.005863803,-0.028802245,-0.000259921
lambda,0.02401158,-0.034832248,-0.010839731,-0.028802245,0.696164515,-0.085801459
luce,-0.006038615,0.000867903,-0.000239284,-0.000259921,-0.085801459,0.042689855
alpha,0.002626136,-0.001587596,0.000432353,0.004552574,-0.003583444,-0.009926468
beta,-0.001587596,0.063898667,0.000858565,-0.022256552,0.00846485,0.004126283
gamma,0.000432353,0.000858565,0.002006019,-0.000462516,-0.00116467,-0.000381063
delta,0.004552574,-0.022256552,-0.000462516,0.040136502,-0.057820264,-0.017602332
lambda,-0.003583444,0.00846485,-0.00116467,-0.057820264,1.272729601,0.00906082
luce,-0.009926468,0.004126283,-0.000381063,-0.017602332,0.00906082,0.064085221
alpha,0.045488134,0.000383193,-0.012123965,0.00049798,0.012119108,-0.006059018
beta,0.000383193,0.001520841,0.004837993,0.000792868,-0.012518032,-0.001286211
gamma,-0.012123965,0.004837993,0.093579526,0.00017498,-0.009218001,-0.014639669
delta,0.00049798,0.000792868,0.00017498,0.00273959,-0.009532456,-0.001096139
lambda,0.012119108,-0.012518032,-0.009218001,-0.009532456,0.97169048,-0.178841528
luce,-0.006059018,-0.001286211,-0.014639669,-0.001096139,-0.178841528,0.070903932
alpha,0.005063559,-0.000405663,-0.00052424,0.004157792,-0.000939098,-0.012970259
beta,-0.000405663,0.036233351,0.004233086,-0.014389024,-0.032130105,0.004877036
gamma,-0.00052424,0.004233086,0.014967386,-0.003079172,-0.008384457,-0.001453967
delta,0.004157792,-0.014389024,-0.003079172,0.020982793,-0.02940018,-0.016919721
lambda,-0.000939098,-0.032130105,-0.008384457,-0.02940018,1.307458008,-0.023394969
luce,-0.012970259,0.004877036,-0.001453967,-0.016919721,-0.023394969,0.07287341
alpha,0.002780893,-0.000299178,-0.001706734,0.001627565,0.031783665,-0.002663191
beta,-0.000299178,0.001173887,0.001033934,0.000248919,-0.018888224,-0.000188408
gamma,-0.001706734,0.001033934,0.007363159,-0.002302777,-0.011168555,-0.000443503
delta,0.001627565,0.000248919,-0.002302777,0.003429956,0.002965968,-0.0001941
lambda,0.031783665,-0.018888224,-0.011168555,0.002965968,0.767465936,-0.049030836
luce,-0.002663191,-0.000188408,-0.000443503,-0.0001941,-0.049030836,0.032719267
alpha,0.049778771,0.001048001,-0.011297868,-0.000872065,0.031507608,-0.00523549
beta,0.001048001,0.000830095,0.002148333,5.51E-05,-0.006257053,2.77E-05
gamma,-0.011297868,0.002148333,0.085098136,-0.002264913,0.029829298,-0.001575441
delta,-0.000872065,5.51E-05,-0.002264913,0.001017099,-0.00543504,-0.000644977
lambda,0.031507608,-0.006257053,0.029829298,-0.00543504,0.98390192,-0.169640058
luce,-0.00523549,2.77E-05,-0.001575441,-0.000644977,-0.169640058,0.07377905
alpha,0.033970796,-0.001850378,-0.018452377,0.003474804,0.064718781,-0.006031512
beta,-0.001850378,0.00371878,0.00363233,0.000728799,-0.031078393,-0.003263002
gamma,-0.018452377,0.00363233,0.02077318,-0.001513464,-0.032304685,-0.00654525
delta,0.003474804,0.000728799,-0.001513464,0.006353295,-0.016395198,-0.004279853
lambda,0.064718781,-0.031078393,-0.032304685,-0.016395198,0.996354854,-0.136053264
luce,-0.006031512,-0.003263002,-0.00654525,-0.004279853,-0.136053264,0.073718055
alpha,0.035715035,-0.00522495,-0.019376914,0.00257721,0.014602082,-0.001848238
beta,-0.00522495,0.072857852,0.026572903,-0.010589409,-0.04596145,-0.008657034
gamma,-0.019376914,0.026572903,0.107109466,-0.004992764,-0.024559659,-0.027486228
delta,0.00257721,-0.010589409,-0.004992764,0.005723685,-0.001813547,0.000644582
lambda,0.014602082,-0.04596145,-0.024559659,-0.001813547,1.335485368,0.00673207
luce,-0.001848238,-0.008657034,-0.027486228,0.000644582,0.00673207,0.069554332
alpha,0.001366488,-2.48E-05,-0.000436266,0.000345341,0.010713679,-0.000862662
beta,-2.48E-05,0.001423128,0.00064877,0.000279817,-0.013822477,0.000328112
gamma,-0.000436266,0.00064877,0.004203202,-0.000703616,0.002872544,-0.002653946
delta,0.000345341,0.000279817,-0.000703616,0.001566993,-0.006597651,0.000410166
lambda,0.010713679,-0.013822477,0.002872544,-0.006597651,0.291995559,-0.026708942
luce,-0.000862662,0.000328112,-0.002653946,0.000410166,-0.026708942,0.042972057
alpha,0.00245815,0.001715946,8.65E-05,0.004802101,0.015080748,-0.006536909
beta,0.001715946,0.017710201,0.000113135,-0.000680608,-0.050978497,-0.002271954
gamma,8.65E-05,0.000113135,0.001390469,-0.000947104,-0.005536032,0.000187894
delta,0.004802101,-0.000680608,-0.000947104,0.042947244,-0.025271005,-0.005001259
lambda,0.015080748,-0.050978497,-0.005536032,-0.025271005,1.156246549,-0.06584447
luce,-0.006536909,-0.002271954,0.000187894,-0.005001259,-0.06584447,0.05057149
alpha,0.009109862,-0.000755162,-0.005206175,0.000613313,0.046546487,-0.009940524
beta,-0.000755162,0.00406996,0.004146538,0.000371692,-0.041152366,-0.003855266
gamma,-0.005206175,0.004146538,0.023373984,1.17E-05,-0.013418631,-0.008954393
delta,0.000613313,0.000371692,1.17E-05,0.00074296,-0.00524184,-0.001926943
lambda,0.046546487,-0.041152366,-0.013418631,-0.00524184,1.121360073,-0.122780973
luce,-0.009940524,-0.003855266,-0.008954393,-0.001926943,-0.122780973,0.073019429
alpha,0.061800699,-0.002707855,-0.024227273,0.000397481,-0.008480211,-0.000578767
beta,-0.002707855,0.076053517,0.002416883,-0.008049464,-0.00769571,-0.001983203
gamma,-0.024227273,0.002416883,0.037527274,-1.82E-05,-0.001938155,-0.011703837
delta,0.000397481,-0.008049464,-1.82E-05,0.005112698,-0.013911886,-0.00169971
lambda,-0.008480211,-0.00769571,-0.001938155,-0.013911886,1.345638262,-0.017804066
luce,-0.000578767,-0.001983203,-0.011703837,-0.00169971,-0.017804066,0.086649707
alpha,0.005237526,-0.000300783,-0.002318567,0.000760067,0.009907543,-0.010273532
beta,-0.000300783,0.002914151,0.000873919,-0.000388909,-0.016160515,-0.002163726
gamma,-0.002318567,0.000873919,0.003431093,1.63E-05,0.002061365,-0.002489626
delta,0.000760067,-0.000388909,1.63E-05,0.000554864,-0.007146212,-0.002643152
lambda,0.009907543,-0.016160515,0.002061365,-0.007146212,0.790864902,-0.046640031
luce,-0.010273532,-0.002163726,-0.002489626,-0.002643152,-0.046640031,0.068958825
alpha,0.067405707,-0.010066578,-0.05308081,0.003736653,-0.009445527,0.00420503
beta,-0.010066578,0.041336953,0.028549615,-0.01001706,-0.057946295,-0.0067787
gamma,-0.05308081,0.028549615,0.125533167,-0.008763904,0.000202628,-0.015309856
delta,0.003736653,-0.01001706,-0.008763904,0.005698515,-0.006384765,-0.00203379
lambda,-0.009445527,-0.057946295,0.000202628,-0.006384765,1.266794021,-0.012802506
luce,0.00420503,-0.0067787,-0.015309856,-0.00203379,-0.012802506,0.079148278
alpha,0.071396594,-0.000670833,-0.043212733,0.000409199,-0.013594894,0.006136691
beta,-0.000670833,0.001641046,0.002427667,0.000378155,-0.014267681,-0.003588619
gamma,-0.043212733,0.002427667,0.090412774,-0.000165974,0.004794089,-0.013641938
delta,0.000409199,0.000378155,-0.000165974,0.000655239,-0.004965729,-0.001467362
lambda,-0.013594894,-0.014267681,0.004794089,-0.004965729,0.796397335,-0.0537459
luce,0.006136691,-0.003588619,-0.013641938,-0.001467362,-0.0537459,0.069084331
alpha,0.060295442,-0.002352858,-0.014289793,0.002226971,0.001085809,-0.001402116
beta,-0.002352858,0.067080046,0.002683687,-0.005378234,-0.003469902,-0.003527031
gamma,-0.014289793,0.002683687,0.016573173,0.000197081,0.013417107,-0.009818057
delta,0.002226971,-0.005378234,0.000197081,0.004804308,-0.011900797,-0.00215035
lambda,0.001085809,-0.003469902,0.013417107,-0.011900797,1.419605475,-0.039243133
luce,-0.001402116,-0.003527031,-0.009818057,-0.00215035,-0.039243133,0.083266453
alpha,0.077852931,-0.004514126,-0.035141796,0.002653252,0.00395231,0.00638565
beta,-0.004514126,0.046753821,0.00726677,-0.011317818,-0.035622779,-0.007839194
gamma,-0.035141796,0.00726677,0.055073479,-0.002784981,0.001377435,-0.014837065
delta,0.002653252,-0.011317818,-0.002784981,0.008210429,-0.012851085,-0.001099279
lambda,0.00395231,-0.035622779,0.001377435,-0.012851085,1.307725314,-0.019996632
luce,0.00638565,-0.007839194,-0.014837065,-0.001099279,-0.019996632,0.082031674
alpha,0.068703808,-0.001733384,-0.03382487,5.76E-05,-0.000213395,0.006793922
beta,-0.001733384,0.002616682,0.00265448,7.56E-05,-0.022040615,-0.004351833
gamma,-0.03382487,0.00265448,0.076127408,-0.000229711,0.01393131,-0.014186367
delta,5.76E-05,7.56E-05,-0.000229711,0.000116043,-0.001935225,-0.000420754
lambda,-0.000213395,-0.022040615,0.01393131,-0.001935225,0.975557051,-0.119222882
luce,0.006793922,-0.004351833,-0.014186367,-0.000420754,-0.119222882,0.074058234
alpha,0.042949915,2.06E-05,-0.029321132,0.000671826,0.027409812,-0.002677427
beta,2.06E-05,0.006205954,0.006342926,0.001446145,-0.041642608,-0.005167664
gamma,-0.029321132,0.006342926,0.072906056,-0.000982925,-0.058766431,-0.012170991
delta,0.000671826,0.001446145,-0.000982925,0.012127829,-0.023836721,-0.00408904
lambda,0.027409812,-0.041642608,-0.058766431,-0.023836721,1.080778889,-0.146217413
luce,-0.002677427,-0.005167664,-0.012170991,-0.00408904,-0.146217413,0.071935816
alpha,0.061847119,-0.002545649,-0.029963293,0.00083753,0.037774937,-0.002929308
beta,-0.002545649,0.003449826,0.003637629,0.000309786,-0.034631379,-0.004894477
gamma,-0.029963293,0.003637629,0.045500796,-0.000170827,-0.015176839,-0.009145959
delta,0.00083753,0.000309786,-0.000170827,0.00047431,-0.007015656,-0.001587638
lambda,0.037774937,-0.034631379,-0.015176839,-0.007015656,1.089852943,-0.111043844
luce,-0.002929308,-0.004894477,-0.009145959,-0.001587638,-0.111043844,0.077771397
alpha,0.04624962,-9.26E-05,-0.019866321,-0.000164266,0.008741327,-0.002560646
beta,-9.26E-05,0.001213764,0.002520184,0.001149126,-0.009383252,-0.002654244
gamma,-0.019866321,0.002520184,0.082220168,-0.000516058,-0.0041374,-0.007352968
delta,-0.000164266,0.001149126,-0.000516058,0.002025675,-0.010959749,-0.003719067
lambda,0.008741327,-0.009383252,-0.0041374,-0.010959749,0.61661811,-0.024001462
luce,-0.002560646,-0.002654244,-0.007352968,-0.003719067,-0.024001462,0.055418114
alpha,0.041995139,-0.002504771,-0.027629569,0.002638308,0.020742421,-0.006532181
beta,-0.002504771,0.007321318,0.011400229,-0.001514058,-0.037746122,-0.0057311
gamma,-0.027629569,0.011400229,0.067193246,-0.00377311,-0.034649577,-0.010097645
delta,0.002638308,-0.001514058,-0.00377311,0.001709385,-0.004606885,-0.003282336
lambda,0.020742421,-0.037746122,-0.034649577,-0.004606885,0.899012994,-0.021411226
luce,-0.006532181,-0.0057311,-0.010097645,-0.003282336,-0.021411226,0.070642695
alpha,0.0513624,-0.000324893,-0.02469288,-0.00018695,0.005088707,-0.001176368
beta,-0.000324893,0.001564627,0.00134689,0.000701782,-0.005686238,-0.00206075
gamma,-0.02469288,0.00134689,0.071897784,-0.002748376,0.002262946,-0.004557837
delta,-0.00018695,0.000701782,-0.002748376,0.002502879,-0.000984507,-0.000742535
lambda,0.005088707,-0.005686238,0.002262946,-0.000984507,0.171067846,-0.033452506
luce,-0.001176368,-0.00206075,-0.004557837,-0.000742535,-0.033452506,0.034278633
alpha,0.038732119,0.002127331,-0.024784433,0.007650529,0.017944279,-0.003819536
beta,0.002127331,0.006873933,0.0045735,-0.000109872,-0.03914058,-0.005443373
gamma,-0.024784433,0.0045735,0.069561466,-0.006798656,-0.066654047,-0.018566112
delta,0.007650529,-0.000109872,-0.006798656,0.02063919,-0.026391193,-0.007385772
lambda,0.017944279,-0.03914058,-0.066654047,-0.026391193,1.187934972,-0.095221347
luce,-0.003819536,-0.005443373,-0.018566112,-0.007385772,-0.095221347,0.071437594
alpha,0.004036493,-0.000768264,-0.000278415,0.001361377,-0.001550382,-0.012088489
beta,-0.000768264,0.073842065,0.001363734,-0.013287525,0.013318362,0.001392666
gamma,-0.000278415,0.001363734,0.015766511,-0.001682365,-0.002116133,-0.007150279
delta,0.001361377,-0.013287525,-0.001682365,0.012334972,-0.028013298,-0.00414951
lambda,-0.001550382,0.013318362,-0.002116133,-0.028013298,1.372365093,0.000857365
luce,-0.012088489,0.001392666,-0.007150279,-0.00414951,0.000857365,0.063736367
alpha,0.003347531,0.000541141,-0.000893166,0.000986799,0.028223592,-0.00532511
beta,0.000541141,0.001950251,0.001146438,0.000934311,-0.018139729,-0.002629455
gamma,-0.000893166,0.001146438,0.005594406,-7.82E-05,-0.002282213,-0.006095011
delta,0.000986799,0.000934311,-7.82E-05,0.001363736,-0.00763323,-0.000896798
lambda,0.028223592,-0.018139729,-0.002282213,-0.00763323,0.729014086,-0.078704885
luce,-0.00532511,-0.002629455,-0.006095011,-0.000896798,-0.078704885,0.054134322
alpha,0.003287085,-0.002361968,-0.000738716,0.005236865,0.002388421,-0.009335766
beta,-0.002361968,0.065224376,0.001835227,-0.02909944,-0.008234157,0.005002804
gamma,-0.000738716,0.001835227,0.004072572,-0.003046546,-0.004213325,-0.000697753
delta,0.005236865,-0.02909944,-0.003046546,0.0531502,-0.047651632,-0.012210456
lambda,0.002388421,-0.008234157,-0.004213325,-0.047651632,1.361124256,-0.006462339
luce,-0.009335766,0.005002804,-0.000697753,-0.012210456,-0.006462339,0.041104237
alpha,0.07825079,-0.000871308,-0.037224348,-6.67E-05,-4.82E-05,0.005478324
beta,-0.000871308,0.000695175,0.002498269,0.00013582,-0.00516935,-0.001132516
gamma,-0.037224348,0.002498269,0.078625305,-0.000313332,0.006058105,-0.013398171
delta,-6.67E-05,0.00013582,-0.000313332,0.000565932,-0.001743653,6.69E-06
lambda,-4.82E-05,-0.00516935,0.006058105,-0.001743653,0.84241966,-0.15852168
luce,0.005478324,-0.001132516,-0.013398171,6.69E-06,-0.15852168,0.073029354
alpha,0.058723312,-0.001779315,-0.029794487,0.000230092,0.020947483,-0.00396748
beta,-0.001779315,0.002348632,0.003835701,0.001132265,-0.015421336,-0.001176609
gamma,-0.029794487,0.003835701,0.065191853,0.000165586,-0.016898883,-0.007739891
delta,0.000230092,0.001132265,0.000165586,0.002447425,-0.007287553,-0.000991571
lambda,0.020947483,-0.015421336,-0.016898883,-0.007287553,0.63024595,-0.132762775
luce,-0.00396748,-0.001176609,-0.007739891,-0.000991571,-0.132762775,0.070669792
alpha,0.046203161,-0.007769592,-0.028595209,0.017232712,0.032657057,-0.012161779
beta,-0.007769592,0.032188807,0.012698233,-0.016765712,-0.04549766,0.001223009
gamma,-0.028595209,0.012698233,0.042510758,-0.017398411,-0.030504048,-0.000979942
delta,0.017232712,-0.016765712,-0.017398411,0.03344095,-0.024754545,-0.017183467
lambda,0.032657057,-0.04549766,-0.030504048,-0.024754545,1.231517212,-0.055280849
luce,-0.012161779,0.001223009,-0.000979942,-0.017183467,-0.055280849,0.082865033
alpha,0.036388479,0.004123495,-0.017166178,0.003803455,0.003306807,-0.001524917
beta,0.004123495,0.015317505,0.011592222,0.000469223,-0.047178845,-0.00928557
gamma,-0.017166178,0.011592222,0.064905889,-0.002757802,-0.043737266,-0.017221368
delta,0.003803455,0.000469223,-0.002757802,0.014738501,-0.015694166,-0.001755482
lambda,0.003306807,-0.047178845,-0.043737266,-0.015694166,0.503709858,-0.025736424
luce,-0.001524917,-0.00928557,-0.017221368,-0.001755482,-0.025736424,0.040296975
alpha,0.001694323,0.000360333,-0.000631366,0.001025626,0.016877073,-0.004279339
beta,0.000360333,0.002868464,0.000710996,0.001375467,-0.033645994,-0.000159103
gamma,-0.000631366,0.000710996,0.004885187,-0.000614248,-0.011955424,-8.11E-05
delta,0.001025626,0.001375467,-0.000614248,0.00828566,-0.030530701,-0.003069252
lambda,0.016877073,-0.033645994,-0.011955424,-0.030530701,0.874093972,-0.059890246
luce,-0.004279339,-0.000159103,-8.11E-05,-0.003069252,-0.059890246,0.033316688
alpha,0.03310648,-0.001160351,-0.015528102,0.000831143,0.009622038,-0.006832652
beta,-0.001160351,0.008968782,0.007448595,-0.001311411,-0.041575245,-0.005684185
gamma,-0.015528102,0.007448595,0.063215575,-0.000561459,0.001222788,-0.014212666
delta,0.000831143,-0.001311411,-0.000561459,0.000764425,-0.005630248,-0.002098621
lambda,0.009622038,-0.041575245,0.001222788,-0.005630248,1.070439472,-0.063087268
luce,-0.006832652,-0.005684185,-0.014212666,-0.002098621,-0.063087268,0.08045269
alpha,0.023968056,0.001377579,-0.018902864,0.000965566,0.003309737,-0.002776311
beta,0.001377579,0.002082099,0.00175909,-0.000291115,-0.0100889,-0.002243252
gamma,-0.018902864,0.00175909,0.063927058,-0.004577625,-0.028174337,-0.003594278
delta,0.000965566,-0.000291115,-0.004577625,0.008824302,-0.004006633,-0.0017348
lambda,0.003309737,-0.0100889,-0.028174337,-0.004006633,0.27463018,-0.006297037
luce,-0.002776311,-0.002243252,-0.003594278,-0.0017348,-0.006297037,0.020178651
alpha,0.001494912,-4.98E-05,8.37E-05,0.000598808,0.009102029,-0.003940248
beta,-4.98E-05,0.002184246,0.000268814,-0.000390202,-0.025256914,-0.000169403
gamma,8.37E-05,0.000268814,0.002654054,-0.000153795,0.001667784,-0.000915401
delta,0.000598808,-0.000390202,-0.000153795,0.001625509,-0.015226789,0.000164742
lambda,0.009102029,-0.025256914,0.001667784,-0.015226789,0.806467448,-0.056320771
luce,-0.003940248,-0.000169403,-0.000915401,0.000164742,-0.056320771,0.058412212
alpha,0.006803989,0.003431394,-0.00098593,0.001855247,0.027810748,-0.013826279
beta,0.003431394,0.005819137,0.001663565,0.001016248,-0.031018289,-0.005390236
gamma,-0.00098593,0.001663565,0.020439181,-0.002197396,-0.0217233,-0.002470423
delta,0.001855247,0.001016248,-0.002197396,0.0090884,-0.005372549,-0.003922935
lambda,0.027810748,-0.031018289,-0.0217233,-0.005372549,0.999734192,-0.147223949
luce,-0.013826279,-0.005390236,-0.002470423,-0.003922935,-0.147223949,0.064127268
alpha,0.008221834,-0.000379088,-0.004769004,0.000337298,0.037493523,-0.00846219
beta,-0.000379088,0.002618431,0.00090773,9.61E-05,-0.0280811,-0.001846245
gamma,-0.004769004,0.00090773,0.006966935,0.000157169,-0.000557652,-0.004201331
delta,0.000337298,9.61E-05,0.000157169,0.000301095,-0.001376309,-0.001095609
lambda,0.037493523,-0.0280811,-0.000557652,-0.001376309,0.977420331,-0.133234455
luce,-0.00846219,-0.001846245,-0.004201331,-0.001095609,-0.133234455,0.073669759
alpha,0.060669287,-0.000769619,-0.035058175,-7.55E-05,0.005051262,0.00196168
beta,-0.000769619,0.000887529,0.002092914,7.15E-05,-0.003713426,-0.000805132
gamma,-0.035058175,0.002092914,0.085912021,-0.000324498,0.014241247,-0.010199274
delta,-7.55E-05,7.15E-05,-0.000324498,0.000577293,-0.003840433,-0.000929919
lambda,0.005051262,-0.003713426,0.014241247,-0.003840433,0.839750527,-0.117690544
luce,0.00196168,-0.000805132,-0.010199274,-0.000929919,-0.117690544,0.070720804
alpha,0.022677554,-0.003433983,-0.01461925,0.006390395,0.020432974,-0.008217575
beta,-0.003433983,0.031811644,0.008810547,-0.01200876,-0.040879366,-0.001651401
gamma,-0.01461925,0.008810547,0.030347069,-0.007499356,-0.02535995,-0.005946009
delta,0.006390395,-0.01200876,-0.007499356,0.01545599,-0.022187791,-0.00822081
lambda,0.020432974,-0.040879366,-0.02535995,-0.022187791,1.278369749,-0.02173115
luce,-0.008217575,-0.001651401,-0.005946009,-0.00822081,-0.02173115,0.07777302
alpha,0.076469173,-0.003403972,-0.026227181,-0.000137162,-0.00605455,0.010986877
beta,-0.003403972,0.059322902,0.005515764,-0.011133703,-0.039069063,-0.010323636
gamma,-0.026227181,0.005515764,0.044417513,-0.00036581,0.012836981,-0.017061181
delta,-0.000137162,-0.011133703,-0.00036581,0.006893408,-0.009568611,-0.001124009
lambda,-0.00605455,-0.039069063,0.012836981,-0.009568611,1.303130137,-0.014518679
luce,0.010986877,-0.010323636,-0.017061181,-0.001124009,-0.014518679,0.083262646
alpha,0.009212407,0.001073709,-0.001518272,0.000875873,0.013159139,-0.002296638
beta,0.001073709,0.001658974,0.002546946,0.000770515,-0.011536947,-0.001227214
gamma,-0.001518272,0.002546946,0.030811375,-0.001103126,-0.004129828,-0.001922331
delta,0.000875873,0.000770515,-0.001103126,0.001248998,-0.002092974,-0.001053514
lambda,0.013159139,-0.011536947,-0.004129828,-0.002092974,0.520609531,-0.023443162
luce,-0.002296638,-0.001227214,-0.001922331,-0.001053514,-0.023443162,0.032786913
alpha,0.004189757,-0.003142212,-0.001747207,0.006050398,-0.00624965,-0.012219417
beta,-0.003142212,0.064196791,0.002893482,-0.024038519,0.007233091,0.004005707
gamma,-0.001747207,0.002893482,0.003558833,-0.003234074,-0.000100821,-0.001331434
delta,0.006050398,-0.024038519,-0.003234074,0.036517103,-0.050845226,-0.014433297
lambda,-0.00624965,0.007233091,-0.000100821,-0.050845226,1.33293543,0.028437005
luce,-0.012219417,0.004005707,-0.001331434,-0.014433297,0.028437005,0.06843679
alpha,0.001935722,-0.002336269,-2.38E-05,0.001264989,-0.001981292,-0.006523391
beta,-0.002336269,0.061880778,-0.000410396,-0.013358966,0.006092915,0.015660055
gamma,-2.38E-05,-0.000410396,0.00113569,-0.000468016,-0.003181185,-0.00334912
delta,0.001264989,-0.013358966,-0.000468016,0.012230544,-0.035723415,-0.003539057
lambda,-0.001981292,0.006092915,-0.003181185,-0.035723415,1.354414832,0.008559516
luce,-0.006523391,0.015660055,-0.00334912,-0.003539057,0.008559516,0.058711119
alpha,0.035187154,-0.004849114,-0.02814466,0.007782102,0.006506314,-0.0073991
beta,-0.004849114,0.066494581,0.012414013,-0.019822243,-0.025266875,-0.001741879
gamma,-0.02814466,0.012414013,0.079300124,-0.012701053,-0.011823191,-0.001350688
delta,0.007782102,-0.019822243,-0.012701053,0.020309954,-0.025917696,-0.006198394
lambda,0.006506314,-0.025266875,-0.011823191,-0.025917696,1.297425861,-0.028629362
luce,-0.0073991,-0.001741879,-0.001350688,-0.006198394,-0.028629362,0.082302953
alpha,0.052668613,-0.001374059,-0.029483021,0.000943476,0.007066813,-0.000653343
beta,-0.001374059,0.005850676,0.004981254,-0.000205175,-0.043365989,-0.00476173
gamma,-0.029483021,0.004981254,0.060095166,-0.00133751,-0.012078207,-0.006660185
delta,0.000943476,-0.000205175,-0.00133751,0.001127012,-0.005574646,-0.001625481
lambda,0.007066813,-0.043365989,-0.012078207,-0.005574646,0.813497779,-0.084602455
luce,-0.000653343,-0.00476173,-0.006660185,-0.001625481,-0.084602455,0.064629846
alpha,0.012625131,0.003059744,-0.003497379,0.002604821,0.011994643,-0.009447356
beta,0.003059744,0.003555654,0.003363815,0.000599052,-0.019609688,-0.004853829
gamma,-0.003497379,0.003363815,0.038684634,-0.00316261,-0.031103062,-0.007064998
delta,0.002604821,0.000599052,-0.00316261,0.00975751,-0.006996578,-0.003844105
lambda,0.011994643,-0.019609688,-0.031103062,-0.006996578,0.629080646,-0.071608003
luce,-0.009447356,-0.004853829,-0.007064998,-0.003844105,-0.071608003,0.047004005
alpha,0.057330606,-0.001823086,-0.035681407,0.001104113,0.030615048,-0.003389525
beta,-0.001823086,0.002926184,0.005270094,0.000525876,-0.028731532,-0.004031877
gamma,-0.035681407,0.005270094,0.072983702,-0.001872089,-0.041340342,-0.00544208
delta,0.001104113,0.000525876,-0.001872089,0.001529123,-0.006673155,-0.002470002
lambda,0.030615048,-0.028731532,-0.041340342,-0.006673155,0.992798239,-0.135417056
luce,-0.003389525,-0.004031877,-0.00544208,-0.002470002,-0.135417056,0.073839977
alpha,0.058776485,-0.000799969,-0.026091982,-0.000100698,0.012261453,-0.001464306
beta,-0.000799969,0.002136759,0.001958999,0.001463122,-0.019871245,-0.002141503
gamma,-0.026091982,0.001958999,0.076888841,-0.001272038,0.014790174,-0.01194586
delta,-0.000100698,0.001463122,-0.001272038,0.001988082,-0.011237303,-0.0012793
lambda,0.012261453,-0.019871245,0.014790174,-0.011237303,1.069835507,-0.153438818
luce,-0.001464306,-0.002141503,-0.01194586,-0.0012793,-0.153438818,0.073524675
alpha,0.049682016,0.000337017,-0.017674478,-7.60E-05,0.0132785,-0.004087052
beta,0.000337017,0.002003077,0.00437094,0.001089379,-0.015657512,-0.000637456
gamma,-0.017674478,0.00437094,0.105858058,-0.000420395,-0.038467088,-0.003631748
delta,-7.60E-05,0.001089379,-0.000420395,0.001870689,-0.004955541,-0.000911113
lambda,0.0132785,-0.015657512,-0.038467088,-0.004955541,0.959952715,-0.166046561
luce,-0.004087052,-0.000637456,-0.003631748,-0.000911113,-0.166046561,0.070178053
alpha,0.005420401,0.001177907,0.00097973,-7.48E-05,0.005293624,-0.001329199
beta,0.001177907,0.000900447,0.001339256,-0.000189741,-0.004997562,-0.000697732
gamma,0.00097973,0.001339256,0.015137003,-0.000432636,-0.001195324,-0.000730316
delta,-7.48E-05,-0.000189741,-0.000432636,0.000442416,-0.000947316,-0.000438753
lambda,0.005293624,-0.004997562,-0.001195324,-0.000947316,0.235948637,-0.004073627
luce,-0.001329199,-0.000697732,-0.000730316,-0.000438753,-0.004073627,0.015778014
alpha,0.002936999,5.74E-05,-0.000849811,0.00061055,0.013692005,-0.009006401
beta,5.74E-05,0.00467087,0.002035289,-0.00069578,-0.032622884,-0.002971279
gamma,-0.000849811,0.002035289,0.006259913,7.47E-06,-0.01337229,-0.003664193
delta,0.00061055,-0.00069578,7.47E-06,0.000611765,-0.003018585,-0.002028483
lambda,0.013692005,-0.032622884,-0.01337229,-0.003018585,0.801489709,-0.042252942
luce,-0.009006401,-0.002971279,-0.003664193,-0.002028483,-0.042252942,0.061372627
alpha,0.005536359,0.000471282,-0.001548126,0.000139291,0.050516586,-0.008829152
beta,0.000471282,0.002997937,0.005197772,0.00073236,-0.020845265,2.16E-05
gamma,-0.001548126,0.005197772,0.027286354,0.000574082,-0.021411218,-0.004619079
delta,0.000139291,0.00073236,0.000574082,0.000574575,-0.006803796,-0.000716247
lambda,0.050516586,-0.020845265,-0.021411218,-0.006803796,0.965652301,-0.130414902
luce,-0.008829152,2.16E-05,-0.004619079,-0.000716247,-0.130414902,0.07419518
alpha,0.058372672,-0.002749904,-0.038421207,0.00360858,-0.002005559,-0.00018128
beta,-0.002749904,0.006724888,0.008541782,-0.000606932,-0.039808367,-0.005874207
gamma,-0.038421207,0.008541782,0.083218404,-0.004756502,-0.010320743,-0.009216523
delta,0.00360858,-0.000606932,-0.004756502,0.003538339,-0.013434948,-0.003401699
lambda,-0.002005559,-0.039808367,-0.010320743,-0.013434948,0.718756374,-0.051501198
luce,-0.00018128,-0.005874207,-0.009216523,-0.003401699,-0.051501198,0.058894136
alpha,0.066885432,-0.001186748,-0.044497231,0.001598111,0.038581275,0.00437038
beta,-0.001186748,0.003782733,0.002502426,0.0002655,-0.023451438,-0.002520658
gamma,-0.044497231,0.002502426,0.094907415,-0.004716704,-0.069059351,-0.012126526
delta,0.001598111,0.0002655,-0.004716704,0.010037987,0.002425463,-0.001919136
lambda,0.038581275,-0.023451438,-0.069059351,0.002425463,1.088669635,-0.163669227
luce,0.00437038,-0.002520658,-0.012126526,-0.001919136,-0.163669227,0.072053949
alpha,0.008737405,0.000354606,-0.00198293,0.006051807,-0.008317133,-0.014431991
beta,0.000354606,0.043869655,0.006900343,-0.015752873,-0.010778351,0.002439594
gamma,-0.00198293,0.006900343,0.024780364,-0.007052899,-0.005151571,-0.001758043
delta,0.006051807,-0.015752873,-0.007052899,0.027868557,-0.049972116,-0.019105081
lambda,-0.008317133,-0.010778351,-0.005151571,-0.049972116,1.322491666,0.0148371
luce,-0.014431991,0.002439594,-0.001758043,-0.019105081,0.0148371,0.081344073
alpha,0.043230892,0.000942447,-0.027352818,0.005163059,0.003155856,0.00126315
beta,0.000942447,0.000688337,0.001887013,0.000349077,-0.003027897,-0.000464667
gamma,-0.027352818,0.001887013,0.068854638,-0.005148239,-0.008590571,-0.00125788
delta,0.005163059,0.000349077,-0.005148239,0.002845171,-0.002252599,-0.000441092
lambda,0.003155856,-0.003027897,-0.008590571,-0.002252599,0.162427252,-0.002424964
luce,0.00126315,-0.000464667,-0.00125788,-0.000441092,-0.002424964,0.013659778
alpha,0.014053771,0.000654768,-0.007126147,0.002369633,0.019024258,-0.00857309
beta,0.000654768,0.006163967,0.003846304,0.000732239,-0.03720906,-0.006136634
gamma,-0.007126147,0.003846304,0.016628907,-0.000512383,-0.014830631,-0.008749124
delta,0.002369633,0.000732239,-0.000512383,0.004900803,-0.013967782,-0.005222771
lambda,0.019024258,-0.03720906,-0.014830631,-0.013967782,0.692292913,-0.079135983
luce,-0.00857309,-0.006136634,-0.008749124,-0.005222771,-0.079135983,0.076664496
alpha,0.027283498,-0.000101703,-0.01424332,-0.000200278,0.044333637,-0.000473313
beta,-0.000101703,0.001152915,0.003657715,-0.000451784,-0.01122732,-0.001240871
gamma,-0.01424332,0.003657715,0.041177572,-0.001804954,-0.018594522,-0.004482596
delta,-0.000200278,-0.000451784,-0.001804954,0.00076895,0.001612257,-0.000709924
lambda,0.044333637,-0.01122732,-0.018594522,0.001612257,0.782721896,-0.054345438
luce,-0.000473313,-0.001240871,-0.004482596,-0.000709924,-0.054345438,0.062061073
alpha,0.042201296,-0.007904919,-0.029554845,0.005003794,0.005446809,-0.000297299
beta,-0.007904919,0.055364121,0.027079831,-0.0133601,-0.060024624,-0.009901824
gamma,-0.029554845,0.027079831,0.090525591,-0.009441815,-0.030258256,-0.023511379
delta,0.005003794,-0.0133601,-0.009441815,0.008502293,-0.005512312,-0.000690263
lambda,0.005446809,-0.060024624,-0.030258256,-0.005512312,1.338417478,-0.00094531
luce,-0.000297299,-0.009901824,-0.023511379,-0.000690263,-0.00094531,0.080500035
alpha,0.004513666,-0.004325034,-0.001460927,0.013322579,0.001689852,-0.015220259
beta,-0.004325034,0.054358158,0.00412506,-0.03384824,-0.014622244,0.013140195
gamma,-0.001460927,0.00412506,0.005800674,-0.005454496,-0.003289632,-0.000805526
delta,0.013322579,-0.03384824,-0.005454496,0.084044367,-0.082088141,-0.041277774
lambda,0.001689852,-0.014622244,-0.003289632,-0.082088141,1.284897638,-0.014410158
luce,-0.015220259,0.013140195,-0.000805526,-0.041277774,-0.014410158,0.075389563
alpha,0.071205931,-0.00378259,-0.028467126,0.001817046,0.008100292,0.007938963
beta,-0.00378259,0.06545773,0.004907203,-0.010926608,-0.01059946,-0.002449283
gamma,-0.028467126,0.004907203,0.044363916,-0.000104346,-0.007639837,-0.017527076
delta,0.001817046,-0.010926608,-0.000104346,0.008075082,-0.014390158,-0.002763687
lambda,0.008100292,-0.01059946,-0.007639837,-0.014390158,1.307792588,-0.003589781
luce,0.007938963,-0.002449283,-0.017527076,-0.002763687,-0.003589781,0.082977931
alpha,0.002866867,-0.00272494,-0.000478919,0.005878459,-0.00113166,-0.008293898
beta,-0.00272494,0.055119752,0.002415234,-0.024605894,-0.017060011,0.008078239
gamma,-0.000478919,0.002415234,0.003162702,-0.002069237,-0.003097568,0.00011235
delta,0.005878459,-0.024605894,-0.002069237,0.060949545,-0.082115589,-0.019432423
lambda,-0.00113166,-0.017060011,-0.003097568,-0.082115589,1.311814664,0.00853252
luce,-0.008293898,0.008078239,0.00011235,-0.019432423,0.00853252,0.0577406
alpha,0.037085946,0.00028966,-0.016128058,0.001708738,-0.009345267,-0.006833686
beta,0.00028966,0.069138773,0.000690003,-0.005390021,-0.014270087,-0.000899049
gamma,-0.016128058,0.000690003,0.027529541,0.000129341,0.009428152,-0.009306723
delta,0.001708738,-0.005390021,0.000129341,0.005102665,-0.017972069,-0.002760912
lambda,-0.009345267,-0.014270087,0.009428152,-0.017972069,1.329295624,-0.002805719
luce,-0.006833686,-0.000899049,-0.009306723,-0.002760912,-0.002805719,0.078961794
alpha,0.002001955,-0.002031756,0.000252038,0.005120054,0.003567191,-0.005655605
beta,-0.002031756,0.04394365,0.001070448,-0.025086971,-0.024941669,0.004745135
gamma,0.000252038,0.001070448,0.001877805,-0.000941206,-0.002080078,1.13E-05
delta,0.005120054,-0.025086971,-0.000941206,0.046742483,-0.039998567,-0.012681514
lambda,0.003567191,-0.024941669,-0.002080078,-0.039998567,1.253411063,-0.019122631
luce,-0.005655605,0.004745135,1.13E-05,-0.012681514,-0.019122631,0.041771913
alpha,0.024890895,-0.000430217,-0.007934808,0.015407625,-0.019766853,-0.015499564
beta,-0.000430217,0.019967952,0.001244878,-0.003877574,-0.027576539,-0.004898019
gamma,-0.007934808,0.001244878,0.00423655,-0.003428275,0.006553603,-0.001634441
delta,0.015407625,-0.003877574,-0.003428275,0.030716639,-0.072112475,-0.017625863
lambda,-0.019766853,-0.027576539,0.006553603,-0.072112475,0.907317727,-0.018218045
luce,-0.015499564,-0.004898019,-0.001634441,-0.017625863,-0.018218045,0.079467156
alpha,0.003262683,0.001451946,-0.002158001,0.001291016,0.017483406,-0.0059369
beta,0.001451946,0.005056162,0.000913127,0.000639076,-0.026880798,-0.005115241
gamma,-0.002158001,0.000913127,0.005696952,0.000123737,-0.016476559,-0.002212038
delta,0.001291016,0.000639076,0.000123737,0.010823749,-0.019395924,-0.00477978
lambda,0.017483406,-0.026880798,-0.016476559,-0.019395924,0.711116989,-0.043949152
luce,-0.0059369,-0.005115241,-0.002212038,-0.00477978,-0.043949152,0.040663902
alpha,0.0647375,-0.001370098,-0.040260013,-0.000379556,0.019749326,0.00727582
beta,-0.001370098,0.003875554,0.003692809,0.000425268,-0.020490182,-0.006240112
gamma,-0.040260013,0.003692809,0.083285556,-0.001012477,-0.041882815,-0.017555312
delta,-0.000379556,0.000425268,-0.001012477,0.007183548,-0.008873967,-0.001783006
lambda,0.019749326,-0.020490182,-0.041882815,-0.008873967,0.653052048,-0.074959158
luce,0.00727582,-0.006240112,-0.017555312,-0.001783006,-0.074959158,0.057753609
alpha,0.057007249,-0.004287411,-0.029917587,0.000465718,0.00707212,0.001727829
beta,-0.004287411,0.069193333,0.00565803,-0.008247422,-0.028076756,-0.00264471
gamma,-0.029917587,0.00565803,0.049840515,-0.000665691,-0.0002683,-0.01145029
delta,0.000465718,-0.008247422,-0.000665691,0.005984359,-0.013403934,-0.002527377
lambda,0.00707212,-0.028076756,-0.0002683,-0.013403934,1.280697016,-0.011569372
luce,0.001727829,-0.00264471,-0.01145029,-0.002527377,-0.011569372,0.079313151
alpha,0.001034093,-0.00113118,-0.00028584,0.001111073,0.001803644,-0.002320118
beta,-0.00113118,0.064381845,0.003344826,-0.017827201,-0.008276994,0.003067687
gamma,-0.00028584,0.003344826,0.003591173,0.000374779,-0.001283595,-0.000767079
delta,0.001111073,-0.017827201,0.000374779,0.026909097,-0.043890026,-0.004622122
lambda,0.001803644,-0.008276994,-0.001283595,-0.043890026,1.390812252,-0.017075912
luce,-0.002320118,0.003067687,-0.000767079,-0.004622122,-0.017075912,0.048937518
alpha,0.003525697,0.001013988,0.000442308,0.001776022,0.005389018,-0.008312332
beta,0.001013988,0.004885365,0.00252004,0.000390344,-0.034530202,-0.002166019
gamma,0.000442308,0.00252004,0.009901721,0.000524262,-0.012020723,-0.004415084
delta,0.001776022,0.000390344,0.000524262,0.002261027,-0.006301802,-0.004151878
lambda,0.005389018,-0.034530202,-0.012020723,-0.006301802,0.444945867,-0.026968172
luce,-0.008312332,-0.002166019,-0.004415084,-0.004151878,-0.026968172,0.038502504
alpha,0.020128317,-0.004964907,-0.011603149,0.004272201,-0.004050712,-0.009173662
beta,-0.004964907,0.075309096,0.004496988,-0.013546133,-0.007764109,0.000970119
gamma,-0.011603149,0.004496988,0.019853493,-0.002629192,0.001447332,-0.006819576
delta,0.004272201,-0.013546133,-0.002629192,0.012546075,-0.026345788,-0.004395066
lambda,-0.004050712,-0.007764109,0.001447332,-0.026345788,1.365045427,-0.001519399
luce,-0.009173662,0.000970119,-0.006819576,-0.004395066,-0.001519399,0.07824645
